# GREEN-028 CHECK 6 raw experiment
# p=7 n=1 seed=20260826 restarts=1000 max_sweeps=300 convergence_tol=1e-13 ties->1
# DOMINANCE STATEMENT: quadratic-phase factors are redundant under the reading (-1)^q = e_p(Q). By CHECK 3 (symmetric-cross case) any such e_p(Q(x,y)) factors as e_p(alpha(x))e_p(beta(y))e_p(gamma(x+y)), which absorbs into a,b,c. Hence M = sup over arbitrary unimodular a,b,c already dominates the sup over the full stated class.
target_d=e_p(s^3) exponents=[0, 1, 1, 6, 1, 6, 6]
cubic_best=0.6772769730217724
cubic_mean=0.6758013999033685
cubic_pstdev=0.013991443981133563
cubic_finals=[0.6772769730217717, 0.6772769730217721, 0.6772769730217719, 0.6772769730217719, 0.6772769730217719, 0.6772769730217721, 0.6772769730217719, 0.6772769730217716, 0.6772769730217716, 0.6772769730217717, 0.6772769730217718, 0.6772769730217718, 0.6772769730217719, 0.6772769730217719, 0.6772769730217716, 0.6772769730217717, 0.6772769730217719, 0.6772769730217719, 0.6772769730217719, 0.6772769730217718, 0.6772769730217718, 0.6772769730217717, 0.6772769730217717, 0.6772769730217719, 0.6772769730217719, 0.6772769730217719, 0.6772769730217719, 0.6772769730217721, 0.6772769730217718, 0.6772769730217719, 0.6772769730217718, 0.6772769730217719, 0.6772769730217718, 0.6772769730217721, 0.6772769730217718, 0.6772769730217719, 0.6772769730217718, 0.6772769730217721, 0.5431339622578342, 0.6772769730217719, 0.6772769730217717, 0.6772769730217718, 0.6772769730217721, 0.6772769730217719, 0.6772769730217718, 0.6772769730217721, 0.6772769730217717, 0.6772769730217718, 0.6772769730217718, 0.6772769730217718, 0.6772769730217719, 0.6772769730217717, 0.6772769730217714, 0.6772769730217721, 0.6772769730217718, 0.6772769730217721, 0.6772769730217721, 0.6772769730217718, 0.6772769730217721, 0.6772769730217719, 0.6772769730217721, 0.6772769730217719, 0.6772769730217719, 0.6772769730217718, 0.6772769730217723, 0.6772769730217718, 0.6772769730217719, 0.6772769730217717, 0.6772769730217717, 0.6772769730217719, 0.6772769730217719, 0.6772769730217719, 0.6772769730217719, 0.6772769730217716, 0.6772769730217717, 0.6772769730217718, 0.6772769730217718, 0.6772769730217717, 0.6772769730217721, 0.6772769730217719, 0.6772769730217721, 0.6772769730217718, 0.6772769730217721, 0.6772769730217719, 0.6772769730217721, 0.6772769730217718, 0.6772769730217718, 0.6772769730217717, 0.6772769730217721, 0.6772769730217719, 0.6772769730217716, 0.6772769730217718, 0.6772769730217718, 0.6772769730217719, 0.6772769730217714, 0.6772769730217718, 0.6772769730217718, 0.6772769730217718, 0.6772769730217718, 0.6772769730217717, 0.6772769730217718, 0.6772769730217717, 0.6772769730217718, 0.6772769730217719, 0.6772769730217718, 0.6772769730217718, 0.6772769730217721, 0.6772769730217717, 0.6772769730217719, 0.6772769730217719, 0.6772769730217723, 0.6772769730217714, 0.6772769730217718, 0.6772769730217718, 0.6772769730217718, 0.6772769730217719, 0.6772769730217717, 0.6772769730217719, 0.6772769730217719, 0.6772769730217717, 0.6772769730217718, 0.6772769730217719, 0.6772769730217719, 0.6772769730217717, 0.6772769730217718, 0.6772769730217717, 0.6772769730217718, 0.6772769730217716, 0.6772769730217717, 0.6772769730217721, 0.6772769730217718, 0.6772769730217719, 0.6772769730217718, 0.6772769730217719, 0.6772769730217718, 0.6772769730217716, 0.6772769730217716, 0.6772769730217717, 0.6772769730217718, 0.6772769730217717, 0.6772769730217718, 0.6772769730217719, 0.6772769730217718, 0.6772769730217718, 0.6772769730217721, 0.6772769730217721, 0.6772769730217718, 0.6772769730217721, 0.6772769730217718, 0.6772769730217719, 0.6772769730217719, 0.6772769730217721, 0.6772769730217718, 0.6772769730217719, 0.6772769730217718, 0.6772769730217718, 0.6772769730217718, 0.6772769730217717, 0.6772769730217721, 0.6772769730217719, 0.6772769730217718, 0.6772769730217718, 0.6772769730217718, 0.6772769730217719, 0.6772769730217719, 0.6772769730217718, 0.6772769730217718, 0.6772769730217719, 0.6772769730217718, 0.6772769730217719, 0.6772769730217719, 0.6772769730217718, 0.6772769730217723, 0.6772769730217716, 0.6772769730217716, 0.5431339622578342, 0.6772769730217718, 0.6772769730217719, 0.6772769730217719, 0.6772769730217717, 0.6772769730217718, 0.6772769730217719, 0.6772769730217717, 0.6772769730217721, 0.6772769730217718, 0.6772769730217721, 0.6772769730217721, 0.6772769730217714, 0.6772769730217718, 0.6772769730217718, 0.6772769730217718, 0.6772769730217719, 0.6772769730217721, 0.6772769730217719, 0.6772769730217721, 0.6772769730217718, 0.6772769730217721, 0.6772769730217718, 0.6772769730217717, 0.6772769730217717, 0.6772769730217718, 0.6772769730217721, 0.6772769730217721, 0.6772769730217718, 0.6772769730217718, 0.6772769730217719, 0.6772769730217718, 0.6772769730217721, 0.6772769730217719, 0.6772769730217716, 0.6772769730217721, 0.6772769730217721, 0.6772769730217719, 0.6772769730217718, 0.6772769730217719, 0.6772769730217718, 0.6772769730217719, 0.6772769730217718, 0.6772769730217718, 0.6772769730217717, 0.6772769730217717, 0.6772769730217721, 0.6772769730217718, 0.6772769730217723, 0.6772769730217719, 0.6772769730217719, 0.6772769730217719, 0.6772769730217718, 0.6772769730217721, 0.6772769730217716, 0.6772769730217718, 0.6772769730217718, 0.6772769730217718, 0.6772769730217719, 0.5431339622578342, 0.6772769730217719, 0.6772769730217718, 0.6772769730217717, 0.6772769730217719, 0.6772769730217716, 0.6772769730217718, 0.6772769730217721, 0.6772769730217716, 0.6772769730217716, 0.6772769730217718, 0.6772769730217719, 0.6772769730217719, 0.6772769730217717, 0.6772769730217719, 0.6772769730217719, 0.6772769730217717, 0.6772769730217716, 0.6772769730217717, 0.6772769730217718, 0.6772769730217719, 0.6772769730217718, 0.6772769730217718, 0.6772769730217718, 0.6772769730217718, 0.6772769730217716, 0.6772769730217719, 0.6772769730217719, 0.6772769730217717, 0.6772769730217718, 0.6772769730217718, 0.6772769730217717, 0.6772769730217719, 0.6772769730217721, 0.6772769730217718, 0.6772769730217717, 0.6772769730217718, 0.6772769730217718, 0.6772769730217719, 0.6772769730217719, 0.6772769730217718, 0.6772769730217717, 0.6772769730217719, 0.6772769730217718, 0.6772769730217723, 0.6772769730217716, 0.6772769730217717, 0.6772769730217719, 0.6772769730217718, 0.6772769730217721, 0.6772769730217716, 0.6772769730217717, 0.6772769730217717, 0.6772769730217718, 0.6772769730217721, 0.6772769730217721, 0.6772769730217719, 0.6772769730217718, 0.6772769730217719, 0.6772769730217719, 0.6772769730217718, 0.6772769730217716, 0.6772769730217718, 0.6772769730217718, 0.6772769730217719, 0.6772769730217717, 0.6772769730217716, 0.6772769730217721, 0.6772769730217719, 0.6772769730217717, 0.6772769730217721, 0.6772769730217719, 0.6772769730217719, 0.6772769730217719, 0.6772769730217718, 0.6772769730217716, 0.6772769730217719, 0.6772769730217719, 0.6772769730217716, 0.6772769730217717, 0.6772769730217717, 0.6772769730217718, 0.6772769730217717, 0.6772769730217717, 0.6772769730217719, 0.6772769730217719, 0.6772769730217719, 0.6772769730217721, 0.6772769730217717, 0.6772769730217717, 0.6772769730217718, 0.6772769730217719, 0.6772769730217718, 0.6772769730217719, 0.6772769730217718, 0.6772769730217716, 0.6772769730217717, 0.6772769730217714, 0.6772769730217717, 0.6772769730217718, 0.6772769730217717, 0.6772769730217719, 0.6772769730217717, 0.6772769730217716, 0.6772769730217718, 0.6772769730217718, 0.6772769730217717, 0.6772769730217718, 0.6772769730217721, 0.6772769730217721, 0.6772769730217721, 0.6772769730217719, 0.6772769730217717, 0.6772769730217718, 0.6772769730217718, 0.6772769730217721, 0.6772769730217719, 0.6772769730217719, 0.6772769730217718, 0.6772769730217719, 0.6772769730217718, 0.6772769730217718, 0.6772769730217717, 0.6772769730217718, 0.6772769730217718, 0.6772769730217721, 0.6772769730217714, 0.6772769730217717, 0.6772769730217718, 0.6772769730217717, 0.6772769730217716, 0.6772769730217719, 0.6772769730217721, 0.6772769730217716, 0.6772769730217721, 0.5431339622578341, 0.6772769730217714, 0.6772769730217717, 0.6772769730217719, 0.6772769730217717, 0.6772769730217721, 0.6772769730217717, 0.6772769730217719, 0.6772769730217718, 0.6772769730217718, 0.6772769730217721, 0.6772769730217719, 0.6772769730217716, 0.6772769730217718, 0.6772769730217717, 0.6772769730217721, 0.5431339622578341, 0.6772769730217719, 0.6772769730217718, 0.6772769730217716, 0.6772769730217717, 0.6772769730217718, 0.6772769730217716, 0.6772769730217719, 0.6772769730217721, 0.6772769730217719, 0.6772769730217718, 0.6772769730217721, 0.6772769730217718, 0.6772769730217716, 0.6772769730217717, 0.6772769730217718, 0.6772769730217719, 0.6772769730217718, 0.6772769730217718, 0.6772769730217719, 0.6772769730217716, 0.6772769730217718, 0.6772769730217719, 0.6772769730217719, 0.6772769730217721, 0.6772769730217717, 0.6772769730217717, 0.6772769730217716, 0.6772769730217718, 0.6772769730217719, 0.6772769730217719, 0.6772769730217721, 0.6772769730217719, 0.6772769730217719, 0.6772769730217716, 0.6772769730217719, 0.6772769730217719, 0.6772769730217723, 0.6772769730217717, 0.6772769730217721, 0.6772769730217719, 0.6772769730217718, 0.6772769730217718, 0.6772769730217718, 0.6772769730217721, 0.6772769730217719, 0.6772769730217719, 0.6772769730217721, 0.6772769730217718, 0.6772769730217719, 0.6772769730217721, 0.6772769730217718, 0.6772769730217719, 0.6772769730217719, 0.6772769730217718, 0.6772769730217719, 0.6772769730217719, 0.6772769730217719, 0.6772769730217718, 0.6772769730217717, 0.6772769730217717, 0.6772769730217719, 0.6772769730217719, 0.6772769730217721, 0.6772769730217719, 0.6772769730217721, 0.6772769730217718, 0.6772769730217719, 0.6772769730217716, 0.6772769730217718, 0.6772769730217718, 0.6772769730217717, 0.6772769730217718, 0.6772769730217718, 0.6772769730217718, 0.6772769730217718, 0.6772769730217718, 0.6772769730217719, 0.6772769730217717, 0.6772769730217717, 0.6772769730217719, 0.6772769730217717, 0.6772769730217719, 0.6772769730217723, 0.6772769730217719, 0.6772769730217719, 0.6772769730217718, 0.6772769730217718, 0.6772769730217718, 0.6772769730217718, 0.6772769730217719, 0.6772769730217718, 0.6772769730217718, 0.6772769730217721, 0.6772769730217719, 0.6772769730217718, 0.6772769730217719, 0.6772769730217719, 0.6772769730217718, 0.6772769730217719, 0.6772769730217716, 0.6772769730217721, 0.6772769730217719, 0.6772769730217721, 0.6772769730217718, 0.6772769730217718, 0.6772769730217723, 0.6772769730217718, 0.6772769730217721, 0.6772769730217718, 0.6772769730217719, 0.6772769730217718, 0.6772769730217718, 0.6772769730217721, 0.6772769730217721, 0.6772769730217721, 0.6772769730217718, 0.6772769730217717, 0.6772769730217717, 0.6772769730217718, 0.6772769730217719, 0.6772769730217721, 0.6772769730217717, 0.6772769730217719, 0.6772769730217721, 0.6772769730217717, 0.6772769730217718, 0.6772769730217719, 0.6772769730217718, 0.6772769730217718, 0.6772769730217719, 0.6772769730217719, 0.6772769730217718, 0.6772769730217717, 0.6772769730217719, 0.6772769730217718, 0.6772769730217717, 0.6772769730217719, 0.5431339622578342, 0.6772769730217718, 0.6772769730217717, 0.6772769730217721, 0.6772769730217719, 0.6772769730217719, 0.6772769730217719, 0.6772769730217719, 0.6772769730217717, 0.6772769730217718, 0.6772769730217718, 0.6772769730217719, 0.6772769730217716, 0.6772769730217719, 0.6772769730217718, 0.6772769730217719, 0.6772769730217718, 0.6772769730217721, 0.6772769730217718, 0.6772769730217718, 0.6772769730217718, 0.6772769730217718, 0.6772769730217717, 0.6772769730217719, 0.6772769730217717, 0.6772769730217718, 0.6772769730217719, 0.6772769730217723, 0.6772769730217717, 0.6772769730217716, 0.6772769730217718, 0.6772769730217719, 0.6772769730217719, 0.6772769730217718, 0.6772769730217717, 0.6772769730217719, 0.6772769730217721, 0.6772769730217717, 0.6772769730217718, 0.6772769730217716, 0.6772769730217718, 0.6772769730217718, 0.6772769730217718, 0.6772769730217718, 0.6772769730217716, 0.6772769730217719, 0.6772769730217721, 0.6772769730217716, 0.6772769730217718, 0.6772769730217718, 0.6772769730217719, 0.6772769730217717, 0.6772769730217717, 0.6772769730217718, 0.6772769730217719, 0.6772769730217718, 0.6772769730217719, 0.6772769730217721, 0.6772769730217718, 0.6772769730217714, 0.6772769730217716, 0.6772769730217721, 0.6772769730217719, 0.6772769730217718, 0.6772769730217721, 0.6772769730217719, 0.6772769730217719, 0.6772769730217721, 0.6772769730217719, 0.6772769730217718, 0.6772769730217718, 0.6772769730217718, 0.6772769730217718, 0.6772769730217717, 0.6772769730217719, 0.6772769730217718, 0.6772769730217718, 0.6772769730217718, 0.6772769730217721, 0.6772769730217719, 0.6772769730217717, 0.6772769730217719, 0.6772769730217718, 0.6772769730217719, 0.6772769730217716, 0.6772769730217721, 0.6772769730217718, 0.6772769730217719, 0.6772769730217718, 0.6772769730217718, 0.6772769730217721, 0.6772769730217717, 0.6772769730217721, 0.6772769730217719, 0.6772769730217718, 0.6772769730217717, 0.6772769730217721, 0.6772769730217716, 0.6772769730217719, 0.6772769730217719, 0.6772769730217718, 0.6772769730217717, 0.6772769730217718, 0.6772769730217718, 0.6772769730217717, 0.6772769730217718, 0.6772769730217719, 0.6772769730217719, 0.6772769730217718, 0.6772769730217721, 0.6772769730217719, 0.6772769730217717, 0.6772769730217719, 0.6772769730217718, 0.6772769730217718, 0.6772769730217719, 0.6772769730217718, 0.6772769730217719, 0.6772769730217719, 0.6772769730217719, 0.6772769730217719, 0.6772769730217721, 0.6772769730217719, 0.6772769730217718, 0.6772769730217719, 0.6772769730217719, 0.6772769730217718, 0.6772769730217719, 0.6772769730217719, 0.6772769730217717, 0.6772769730217717, 0.6772769730217719, 0.6772769730217718, 0.6772769730217721, 0.6772769730217718, 0.6772769730217719, 0.6772769730217717, 0.6772769730217721, 0.6772769730217719, 0.6772769730217719, 0.6772769730217718, 0.6772769730217719, 0.6772769730217721, 0.6772769730217721, 0.6772769730217718, 0.6772769730217717, 0.6772769730217719, 0.6772769730217721, 0.6772769730217717, 0.6772769730217718, 0.6772769730217719, 0.6772769730217718, 0.6772769730217718, 0.6772769730217719, 0.6772769730217719, 0.6772769730217717, 0.6772769730217717, 0.6772769730217721, 0.6772769730217719, 0.6772769730217719, 0.6772769730217717, 0.6772769730217716, 0.6772769730217717, 0.6772769730217721, 0.6772769730217716, 0.6772769730217718, 0.6772769730217718, 0.6772769730217718, 0.6772769730217719, 0.6772769730217718, 0.6772769730217717, 0.6772769730217718, 0.6772769730217718, 0.6772769730217719, 0.6772769730217718, 0.6772769730217717, 0.6772769730217721, 0.6772769730217717, 0.6772769730217721, 0.6772769730217718, 0.6772769730217719, 0.6772769730217719, 0.6772769730217718, 0.5431339622578342, 0.6772769730217716, 0.6772769730217717, 0.6772769730217717, 0.6772769730217718, 0.6772769730217718, 0.6772769730217717, 0.6772769730217717, 0.6772769730217718, 0.6772769730217719, 0.6772769730217721, 0.6772769730217719, 0.6772769730217716, 0.6772769730217716, 0.6772769730217719, 0.6772769730217721, 0.5431339622578341, 0.6772769730217719, 0.6772769730217716, 0.6772769730217719, 0.6772769730217716, 0.6772769730217721, 0.6772769730217717, 0.6772769730217718, 0.6772769730217719, 0.6772769730217719, 0.6772769730217718, 0.6772769730217721, 0.6772769730217718, 0.6772769730217716, 0.6772769730217719, 0.6772769730217719, 0.6772769730217718, 0.6772769730217719, 0.6772769730217716, 0.6772769730217719, 0.5431339622578341, 0.6772769730217718, 0.6772769730217716, 0.6772769730217721, 0.6772769730217716, 0.6772769730217717, 0.6772769730217719, 0.6772769730217718, 0.6772769730217719, 0.6772769730217717, 0.6772769730217719, 0.6772769730217718, 0.6772769730217718, 0.6772769730217719, 0.6772769730217717, 0.6772769730217716, 0.6772769730217716, 0.6772769730217718, 0.6772769730217717, 0.6772769730217719, 0.6772769730217717, 0.5431339622578342, 0.6772769730217718, 0.6772769730217717, 0.6772769730217719, 0.6772769730217719, 0.6772769730217718, 0.6772769730217718, 0.6772769730217716, 0.6772769730217719, 0.6772769730217723, 0.6772769730217724, 0.6772769730217721, 0.6772769730217719, 0.6772769730217718, 0.6772769730217719, 0.6772769730217719, 0.6772769730217718, 0.6772769730217718, 0.6772769730217719, 0.6772769730217719, 0.6772769730217717, 0.6772769730217718, 0.6772769730217717, 0.6772769730217717, 0.5431339622578341, 0.6772769730217718, 0.6772769730217718, 0.6772769730217718, 0.6772769730217719, 0.6772769730217717, 0.6772769730217721, 0.6772769730217717, 0.6772769730217718, 0.6772769730217719, 0.6772769730217716, 0.6772769730217718, 0.6772769730217717, 0.6772769730217718, 0.6772769730217721, 0.6772769730217719, 0.6772769730217717, 0.6772769730217721, 0.6772769730217719, 0.6772769730217718, 0.6772769730217721, 0.6772769730217718, 0.6772769730217718, 0.6772769730217718, 0.6772769730217719, 0.6772769730217721, 0.6772769730217718, 0.6772769730217718, 0.6772769730217721, 0.6772769730217714, 0.6772769730217719, 0.6772769730217718, 0.6772769730217717, 0.6772769730217717, 0.6772769730217719, 0.6772769730217717, 0.6772769730217719, 0.6772769730217718, 0.6772769730217717, 0.6772769730217718, 0.6772769730217719, 0.6772769730217721, 0.6772769730217718, 0.6772769730217718, 0.6772769730217717, 0.6772769730217716, 0.6772769730217719, 0.6772769730217719, 0.6772769730217719, 0.6772769730217719, 0.6772769730217718, 0.6772769730217719, 0.6772769730217719, 0.6772769730217718, 0.6772769730217718, 0.6772769730217717, 0.6772769730217718, 0.6772769730217719, 0.6772769730217718, 0.6772769730217717, 0.6772769730217718, 0.6772769730217719, 0.6772769730217717, 0.6772769730217718, 0.6772769730217716, 0.6772769730217719, 0.6772769730217719, 0.6772769730217719, 0.6772769730217717, 0.6772769730217718, 0.6772769730217717, 0.6772769730217718, 0.6772769730217721, 0.6772769730217719, 0.6772769730217718, 0.6772769730217719, 0.6772769730217717, 0.6772769730217718, 0.6772769730217719, 0.6772769730217719, 0.6772769730217721, 0.6772769730217719, 0.6772769730217718, 0.6772769730217719, 0.6772769730217718, 0.6772769730217719, 0.6772769730217719, 0.6772769730217718, 0.6772769730217724, 0.6772769730217718, 0.6772769730217721, 0.6772769730217718, 0.6772769730217714, 0.6772769730217721, 0.6772769730217718, 0.6772769730217721, 0.6772769730217723, 0.6772769730217719, 0.6772769730217719, 0.6772769730217718, 0.6772769730217721, 0.6772769730217719, 0.6772769730217719, 0.6772769730217718, 0.6772769730217717, 0.6772769730217716, 0.6772769730217718, 0.6772769730217719, 0.6772769730217717, 0.6772769730217719, 0.6772769730217718, 0.6772769730217718, 0.6772769730217719, 0.6772769730217718, 0.6772769730217719, 0.6772769730217721, 0.6772769730217718, 0.6772769730217718, 0.6772769730217719, 0.6772769730217719, 0.6772769730217723, 0.6772769730217721, 0.6772769730217719, 0.6772769730217719, 0.6772769730217721, 0.6772769730217721, 0.6772769730217721, 0.6772769730217718, 0.6772769730217717, 0.6772769730217719, 0.6772769730217716, 0.6772769730217718, 0.6772769730217717, 0.6772769730217721, 0.6772769730217718, 0.6772769730217717, 0.6772769730217716, 0.6772769730217719, 0.6772769730217716, 0.6772769730217719, 0.6772769730217717, 0.6772769730217718, 0.6772769730217718, 0.6772769730217721, 0.6772769730217718, 0.6772769730217719, 0.6772769730217717, 0.6772769730217717, 0.6772769730217717, 0.6772769730217716, 0.6772769730217717, 0.6772769730217718, 0.6772769730217717, 0.6772769730217718, 0.6772769730217721, 0.6772769730217716, 0.6772769730217719, 0.6772769730217719, 0.6772769730217717, 0.6772769730217718, 0.6772769730217718, 0.6772769730217717, 0.6772769730217717, 0.6772769730217719, 0.6772769730217718, 0.6772769730217718, 0.6772769730217719, 0.6772769730217719, 0.6772769730217717, 0.6772769730217718, 0.6772769730217717, 0.6772769730217718, 0.6772769730217717, 0.6772769730217719, 0.6772769730217718, 0.6772769730217719, 0.6772769730217719, 0.6772769730217719, 0.6772769730217719, 0.6772769730217717, 0.6772769730217718, 0.6772769730217723, 0.6772769730217719, 0.6772769730217717, 0.6772769730217717, 0.6772769730217717, 0.6772769730217716, 0.6772769730217719, 0.6772769730217718, 0.6772769730217718, 0.6772769730217717, 0.6772769730217721, 0.6772769730217719, 0.6772769730217717, 0.6772769730217719, 0.6772769730217717, 0.6772769730217719, 0.6772769730217721, 0.6772769730217716, 0.6772769730217721, 0.6772769730217721, 0.6772769730217719, 0.6772769730217718, 0.6772769730217718, 0.6772769730217719, 0.6772769730217718, 0.6772769730217719, 0.6772769730217718, 0.6772769730217721, 0.6772769730217716, 0.6772769730217718, 0.6772769730217718, 0.6772769730217717]
control_random_d exponents=[3, 5, 3, 0, 3, 3, 6]
randomd_best=0.8160210786702251
randomd_mean=0.7917058925204158
randomd_pstdev=0.06469548922692382
randomd_finals=[0.8160210786702247, 0.8160210786702243, 0.8160210786702246, 0.8160210786702243, 0.8160210786702247, 0.8160210786702243, 0.8160210786702243, 0.8160210786702242, 0.6362563413925157, 0.8160210786702247, 0.8160210786702247, 0.8160210786702246, 0.6265171416405498, 0.8160210786702243, 0.8160210786702247, 0.8160210786702246, 0.8160210786702247, 0.8160210786702246, 0.8160210786702243, 0.8160210786702243, 0.8160210786702243, 0.8160210786702246, 0.8160210786702243, 0.8160210786702246, 0.8160210786702243, 0.8160210786702243, 0.8160210786702246, 0.8160210786702246, 0.5872761825485212, 0.8160210786702243, 0.8160210786702246, 0.8160210786702246, 0.8160210786702243, 0.6265171416405498, 0.8160210786702243, 0.8160210786702242, 0.8160210786702243, 0.8160210786702243, 0.8160210786702243, 0.8160210786702243, 0.8160210786702243, 0.8160210786702247, 0.8160210786702247, 0.8160210786702243, 0.8160210786702243, 0.8160210786702243, 0.6265171416405496, 0.8160210786702248, 0.8160210786702243, 0.8160210786702243, 0.6258980382192605, 0.8160210786702247, 0.8160210786702246, 0.636256341392516, 0.6362563413925157, 0.8160210786702246, 0.8160210786702246, 0.8160210786702242, 0.8160210786702243, 0.6265171416405498, 0.8160210786702243, 0.8160210786702246, 0.62651714164055, 0.8160210786702246, 0.8160210786702248, 0.8160210786702242, 0.8160210786702243, 0.8160210786702243, 0.8160210786702246, 0.8160210786702246, 0.8160210786702248, 0.8160210786702243, 0.8160210786702243, 0.8160210786702247, 0.6258980382192603, 0.8160210786702247, 0.8160210786702246, 0.636256341392516, 0.8160210786702243, 0.8160210786702242, 0.8160210786702247, 0.8160210786702243, 0.8160210786702246, 0.816021078670225, 0.8160210786702243, 0.8160210786702246, 0.8160210786702243, 0.8160210786702243, 0.8160210786702246, 0.8160210786702247, 0.8160210786702243, 0.8160210786702242, 0.8160210786702246, 0.8160210786702243, 0.8160210786702243, 0.6362563413925157, 0.8160210786702247, 0.8160210786702246, 0.8160210786702243, 0.8160210786702247, 0.8160210786702246, 0.8160210786702243, 0.8160210786702242, 0.8160210786702243, 0.6258980382192607, 0.8160210786702246, 0.8160210786702246, 0.8160210786702246, 0.8160210786702243, 0.8160210786702243, 0.6265171416405498, 0.8160210786702247, 0.8160210786702243, 0.8160210786702243, 0.816021078670225, 0.636256341392516, 0.5872294803954359, 0.8160210786702242, 0.8160210786702243, 0.8160210786702243, 0.8160210786702246, 0.8160210786702251, 0.8160210786702246, 0.8160210786702247, 0.6258980382192605, 0.8160210786702246, 0.8160210786702246, 0.8160210786702246, 0.8160210786702243, 0.8160210786702243, 0.8160210786702242, 0.8160210786702247, 0.8160210786702247, 0.6258980382192605, 0.8160210786702247, 0.8160210786702242, 0.5459288185567874, 0.8160210786702243, 0.8160210786702242, 0.8160210786702243, 0.8160210786702246, 0.8160210786702242, 0.6265171416405498, 0.8160210786702243, 0.8160210786702243, 0.8160210786702243, 0.8160210786702246, 0.8160210786702246, 0.8160210786702247, 0.8160210786702246, 0.8160210786702246, 0.6265171416405498, 0.8160210786702243, 0.8160210786702243, 0.8160210786702242, 0.8160210786702246, 0.6362563413925157, 0.6362563413925157, 0.5872294803954358, 0.8160210786702243, 0.8160210786702246, 0.8160210786702242, 0.8160210786702247, 0.8160210786702246, 0.8160210786702246, 0.8160210786702246, 0.8160210786702246, 0.8160210786702243, 0.8160210786702246, 0.8160210786702246, 0.816021078670225, 0.8160210786702243, 0.6362563413925159, 0.8160210786702248, 0.8160210786702247, 0.8160210786702243, 0.8160210786702247, 0.816021078670225, 0.8160210786702247, 0.8160210786702243, 0.8160210786702247, 0.8160210786702243, 0.8160210786702243, 0.8160210786702246, 0.8160210786702243, 0.8160210786702246, 0.6258980382192605, 0.62651714164055, 0.8160210786702247, 0.8160210786702243, 0.8160210786702243, 0.8160210786702246, 0.8160210786702247, 0.6258980382192605, 0.8160210786702246, 0.8160210786702247, 0.8160210786702247, 0.62651714164055, 0.8160210786702246, 0.8160210786702243, 0.8160210786702247, 0.8160210786702243, 0.8160210786702248, 0.6258980382192606, 0.8160210786702246, 0.8160210786702246, 0.8160210786702246, 0.8160210786702243, 0.8160210786702243, 0.8160210786702243, 0.8160210786702247, 0.8160210786702243, 0.8160210786702243, 0.5872761825485217, 0.8160210786702243, 0.8160210786702243, 0.8160210786702247, 0.8160210786702246, 0.6258980382192607, 0.8160210786702246, 0.8160210786702243, 0.8160210786702243, 0.8160210786702246, 0.8160210786702246, 0.8160210786702246, 0.8160210786702243, 0.8160210786702243, 0.8160210786702246, 0.8160210786702246, 0.8160210786702247, 0.8160210786702242, 0.8160210786702246, 0.8160210786702247, 0.8160210786702243, 0.8160210786702243, 0.8160210786702243, 0.8160210786702243, 0.8160210786702246, 0.6258980382192605, 0.8160210786702243, 0.8160210786702243, 0.8160210786702242, 0.8160210786702243, 0.8160210786702247, 0.8160210786702243, 0.8160210786702243, 0.8160210786702243, 0.8160210786702242, 0.8160210786702246, 0.8160210786702243, 0.8160210786702247, 0.8160210786702246, 0.6258980382192605, 0.8160210786702243, 0.8160210786702246, 0.8160210786702243, 0.6258980382192606, 0.8160210786702242, 0.8160210786702247, 0.8160210786702246, 0.8160210786702243, 0.8160210786702243, 0.8160210786702246, 0.8160210786702247, 0.8160210786702246, 0.8160210786702243, 0.8160210786702246, 0.8160210786702243, 0.8160210786702246, 0.8160210786702247, 0.8160210786702248, 0.6258980382192605, 0.8160210786702243, 0.8160210786702246, 0.8160210786702246, 0.8160210786702243, 0.6258980382192606, 0.8160210786702243, 0.8160210786702247, 0.8160210786702246, 0.8160210786702246, 0.6258980382192605, 0.8160210786702246, 0.8160210786702243, 0.8160210786702246, 0.8160210786702246, 0.8160210786702246, 0.8160210786702246, 0.8160210786702247, 0.8160210786702247, 0.8160210786702243, 0.8160210786702243, 0.8160210786702246, 0.8160210786702247, 0.8160210786702246, 0.8160210786702247, 0.8160210786702243, 0.8160210786702243, 0.8160210786702243, 0.8160210786702247, 0.8160210786702246, 0.8160210786702247, 0.8160210786702242, 0.8160210786702243, 0.8160210786702242, 0.8160210786702246, 0.8160210786702247, 0.8160210786702246, 0.6258980382192606, 0.8160210786702243, 0.8160210786702241, 0.8160210786702246, 0.8160210786702243, 0.8160210786702246, 0.6258980382192605, 0.8160210786702246, 0.8160210786702246, 0.8160210786702243, 0.8160210786702243, 0.8160210786702246, 0.8160210786702243, 0.8160210786702246, 0.8160210786702243, 0.8160210786702246, 0.6362563413925159, 0.8160210786702243, 0.8160210786702243, 0.8160210786702247, 0.8160210786702247, 0.8160210786702243, 0.8160210786702243, 0.8160210786702243, 0.8160210786702246, 0.6265171416405498, 0.8160210786702246, 0.8160210786702247, 0.8160210786702243, 0.636256341392516, 0.8160210786702246, 0.8160210786702247, 0.636256341392516, 0.8160210786702246, 0.8160210786702247, 0.8160210786702243, 0.8160210786702243, 0.8160210786702247, 0.8160210786702246, 0.6362563413925162, 0.8160210786702246, 0.8160210786702243, 0.8160210786702243, 0.8160210786702246, 0.8160210786702243, 0.8160210786702248, 0.8160210786702243, 0.8160210786702243, 0.8160210786702243, 0.8160210786702242, 0.8160210786702242, 0.8160210786702242, 0.8160210786702247, 0.8160210786702243, 0.8160210786702243, 0.8160210786702243, 0.8160210786702242, 0.636256341392516, 0.8160210786702243, 0.8160210786702243, 0.8160210786702243, 0.8160210786702242, 0.8160210786702243, 0.8160210786702243, 0.8160210786702247, 0.6362563413925159, 0.8160210786702248, 0.8160210786702247, 0.62651714164055, 0.8160210786702243, 0.8160210786702246, 0.8160210786702243, 0.8160210786702243, 0.8160210786702246, 0.8160210786702242, 0.8160210786702246, 0.8160210786702243, 0.8160210786702247, 0.8160210786702243, 0.8160210786702247, 0.6258980382192604, 0.8160210786702242, 0.8160210786702247, 0.8160210786702243, 0.6362563413925159, 0.8160210786702243, 0.8160210786702243, 0.6265171416405497, 0.8160210786702247, 0.8160210786702243, 0.8160210786702251, 0.8160210786702246, 0.8160210786702243, 0.6258980382192607, 0.8160210786702247, 0.8160210786702243, 0.8160210786702246, 0.8160210786702247, 0.6258980382192605, 0.8160210786702248, 0.8160210786702243, 0.8160210786702246, 0.8160210786702246, 0.8160210786702243, 0.5872294803954357, 0.5872294803954358, 0.8160210786702246, 0.8160210786702242, 0.8160210786702248, 0.6265171416405498, 0.8160210786702242, 0.6362563413925159, 0.8160210786702246, 0.8160210786702246, 0.8160210786702243, 0.8160210786702246, 0.8160210786702246, 0.8160210786702242, 0.8160210786702246, 0.8160210786702248, 0.8160210786702247, 0.8160210786702242, 0.8160210786702246, 0.8160210786702243, 0.6258980382192605, 0.8160210786702247, 0.8160210786702243, 0.8160210786702243, 0.5872294803954358, 0.8160210786702246, 0.8160210786702243, 0.8160210786702243, 0.8160210786702246, 0.8160210786702247, 0.8160210786702246, 0.8160210786702247, 0.8160210786702243, 0.8160210786702247, 0.8160210786702243, 0.62651714164055, 0.8160210786702242, 0.8160210786702246, 0.8160210786702247, 0.8160210786702247, 0.8160210786702243, 0.8160210786702243, 0.8160210786702246, 0.8160210786702246, 0.8160210786702247, 0.8160210786702243, 0.8160210786702242, 0.8160210786702246, 0.6258980382192607, 0.8160210786702246, 0.8160210786702246, 0.8160210786702243, 0.8160210786702243, 0.8160210786702247, 0.8160210786702243, 0.636256341392516, 0.8160210786702243, 0.8160210786702247, 0.6362563413925161, 0.8160210786702247, 0.8160210786702246, 0.8160210786702247, 0.5872761825485217, 0.8160210786702243, 0.8160210786702246, 0.8160210786702243, 0.8160210786702247, 0.8160210786702248, 0.8160210786702243, 0.816021078670225, 0.8160210786702246, 0.8160210786702243, 0.8160210786702243, 0.8160210786702243, 0.8160210786702248, 0.8160210786702246, 0.8160210786702246, 0.8160210786702242, 0.6258980382192606, 0.816021078670225, 0.6265171416405498, 0.6265171416405497, 0.62651714164055, 0.6258980382192605, 0.8160210786702242, 0.8160210786702246, 0.8160210786702243, 0.8160210786702242, 0.8160210786702243, 0.8160210786702246, 0.8160210786702248, 0.8160210786702246, 0.8160210786702246, 0.8160210786702247, 0.8160210786702243, 0.8160210786702247, 0.8160210786702247, 0.8160210786702242, 0.8160210786702247, 0.8160210786702243, 0.8160210786702246, 0.8160210786702246, 0.8160210786702246, 0.8160210786702247, 0.8160210786702243, 0.8160210786702243, 0.8160210786702243, 0.5872294803954358, 0.8160210786702246, 0.8160210786702243, 0.6362563413925159, 0.8160210786702246, 0.8160210786702243, 0.8160210786702247, 0.8160210786702242, 0.8160210786702247, 0.8160210786702247, 0.8160210786702247, 0.8160210786702243, 0.6258980382192606, 0.8160210786702243, 0.8160210786702247, 0.8160210786702247, 0.8160210786702243, 0.8160210786702243, 0.8160210786702247, 0.8160210786702243, 0.8160210786702246, 0.8160210786702243, 0.8160210786702247, 0.8160210786702243, 0.8160210786702248, 0.6258980382192605, 0.8160210786702243, 0.8160210786702243, 0.8160210786702246, 0.8160210786702248, 0.8160210786702246, 0.8160210786702246, 0.8160210786702243, 0.6362563413925157, 0.8160210786702243, 0.6258980382192607, 0.8160210786702246, 0.5692458694996503, 0.8160210786702243, 0.8160210786702246, 0.8160210786702243, 0.8160210786702242, 0.8160210786702243, 0.8160210786702247, 0.8160210786702246, 0.8160210786702243, 0.8160210786702242, 0.8160210786702243, 0.8160210786702243, 0.8160210786702243, 0.8160210786702246, 0.8160210786702247, 0.8160210786702243, 0.8160210786702243, 0.8160210786702243, 0.8160210786702246, 0.8160210786702247, 0.8160210786702246, 0.8160210786702247, 0.8160210786702243, 0.6362563413925157, 0.8160210786702242, 0.8160210786702243, 0.8160210786702243, 0.8160210786702247, 0.8160210786702243, 0.8160210786702246, 0.8160210786702247, 0.8160210786702243, 0.8160210786702243, 0.8160210786702247, 0.8160210786702242, 0.8160210786702243, 0.8160210786702243, 0.8160210786702243, 0.8160210786702248, 0.8160210786702242, 0.8160210786702246, 0.8160210786702243, 0.62651714164055, 0.8160210786702243, 0.8160210786702243, 0.8160210786702243, 0.8160210786702247, 0.8160210786702246, 0.8160210786702246, 0.8160210786702246, 0.8160210786702246, 0.8160210786702248, 0.8160210786702246, 0.8160210786702247, 0.8160210786702243, 0.8160210786702246, 0.8160210786702243, 0.8160210786702246, 0.8160210786702247, 0.8160210786702243, 0.8160210786702243, 0.8160210786702243, 0.8160210786702246, 0.8160210786702243, 0.8160210786702243, 0.8160210786702247, 0.8160210786702243, 0.8160210786702247, 0.8160210786702246, 0.6258980382192604, 0.8160210786702243, 0.8160210786702248, 0.8160210786702243, 0.62651714164055, 0.8160210786702246, 0.8160210786702246, 0.6265171416405497, 0.8160210786702246, 0.8160210786702247, 0.6258980382192605, 0.8160210786702246, 0.6258980382192607, 0.8160210786702247, 0.8160210786702247, 0.8160210786702243, 0.8160210786702246, 0.636256341392516, 0.8160210786702243, 0.6362563413925161, 0.8160210786702246, 0.6258980382192606, 0.8160210786702243, 0.8160210786702247, 0.8160210786702246, 0.8160210786702246, 0.8160210786702247, 0.8160210786702243, 0.8160210786702246, 0.8160210786702243, 0.8160210786702247, 0.8160210786702242, 0.8160210786702242, 0.8160210786702248, 0.8160210786702246, 0.8160210786702246, 0.8160210786702243, 0.8160210786702243, 0.8160210786702246, 0.8160210786702243, 0.8160210786702246, 0.5872761825485217, 0.8160210786702246, 0.8160210786702246, 0.8160210786702243, 0.636256341392516, 0.8160210786702247, 0.8160210786702248, 0.8160210786702247, 0.8160210786702243, 0.8160210786702248, 0.5215704071775464, 0.8160210786702247, 0.8160210786702243, 0.8160210786702247, 0.8160210786702243, 0.6258980382192608, 0.8160210786702247, 0.8160210786702246, 0.6258980382192603, 0.8160210786702243, 0.8160210786702243, 0.8160210786702246, 0.8160210786702243, 0.8160210786702243, 0.8160210786702248, 0.5872761825485217, 0.8160210786702241, 0.636256341392516, 0.8160210786702247, 0.8160210786702243, 0.8160210786702247, 0.8160210786702243, 0.8160210786702242, 0.8160210786702246, 0.8160210786702246, 0.8160210786702246, 0.8160210786702246, 0.8160210786702246, 0.5872294803954358, 0.8160210786702246, 0.8160210786702246, 0.8160210786702246, 0.8160210786702247, 0.8160210786702247, 0.8160210786702246, 0.6258980382192607, 0.816021078670225, 0.8160210786702246, 0.8160210786702247, 0.8160210786702243, 0.8160210786702243, 0.8160210786702246, 0.8160210786702246, 0.6258980382192605, 0.8160210786702246, 0.8160210786702246, 0.8160210786702248, 0.8160210786702243, 0.62651714164055, 0.8160210786702243, 0.8160210786702243, 0.8160210786702247, 0.8160210786702243, 0.8160210786702243, 0.8160210786702246, 0.8160210786702242, 0.8160210786702247, 0.8160210786702243, 0.8160210786702247, 0.8160210786702246, 0.8160210786702247, 0.8160210786702248, 0.6362563413925157, 0.8160210786702248, 0.8160210786702243, 0.8160210786702246, 0.8160210786702243, 0.8160210786702243, 0.8160210786702243, 0.8160210786702246, 0.8160210786702246, 0.8160210786702246, 0.8160210786702248, 0.8160210786702246, 0.8160210786702246, 0.8160210786702247, 0.8160210786702243, 0.5872761825485217, 0.636256341392516, 0.8160210786702242, 0.8160210786702247, 0.6258980382192605, 0.8160210786702243, 0.8160210786702243, 0.8160210786702243, 0.8160210786702242, 0.8160210786702243, 0.8160210786702243, 0.6265171416405498, 0.8160210786702246, 0.8160210786702243, 0.8160210786702243, 0.62651714164055, 0.6258980382192606, 0.8160210786702243, 0.8160210786702243, 0.8160210786702246, 0.8160210786702247, 0.6258980382192605, 0.6258980382192607, 0.8160210786702243, 0.8160210786702246, 0.8160210786702246, 0.6265171416405497, 0.8160210786702246, 0.8160210786702243, 0.8160210786702247, 0.8160210786702246, 0.8160210786702247, 0.8160210786702243, 0.8160210786702246, 0.8160210786702243, 0.6258980382192607, 0.8160210786702243, 0.8160210786702247, 0.8160210786702243, 0.8160210786702246, 0.8160210786702243, 0.8160210786702243, 0.8160210786702246, 0.8160210786702246, 0.8160210786702243, 0.8160210786702243, 0.8160210786702243, 0.8160210786702246, 0.8160210786702243, 0.8160210786702246, 0.8160210786702242, 0.8160210786702243, 0.8160210786702246, 0.8160210786702247, 0.8160210786702243, 0.8160210786702243, 0.8160210786702243, 0.8160210786702243, 0.8160210786702246, 0.8160210786702243, 0.5872294803954359, 0.8160210786702247, 0.6362563413925159, 0.8160210786702247, 0.8160210786702243, 0.8160210786702246, 0.8160210786702243, 0.8160210786702246, 0.5872761825485217, 0.8160210786702246, 0.8160210786702246, 0.8160210786702247, 0.8160210786702243, 0.8160210786702246, 0.8160210786702242, 0.8160210786702246, 0.8160210786702246, 0.8160210786702246, 0.8160210786702247, 0.8160210786702247, 0.8160210786702247, 0.8160210786702247, 0.8160210786702247, 0.8160210786702248, 0.5872294803954358, 0.8160210786702247, 0.8160210786702248, 0.8160210786702248, 0.8160210786702243, 0.8160210786702246, 0.8160210786702246, 0.6258980382192606, 0.8160210786702243, 0.62651714164055, 0.8160210786702243, 0.8160210786702247, 0.8160210786702246, 0.8160210786702243, 0.8160210786702243, 0.8160210786702247, 0.8160210786702243, 0.8160210786702243, 0.6258980382192607, 0.8160210786702246, 0.8160210786702243, 0.8160210786702246, 0.8160210786702243, 0.8160210786702243, 0.8160210786702242, 0.8160210786702246, 0.8160210786702242, 0.8160210786702243, 0.8160210786702247, 0.8160210786702243, 0.8160210786702247, 0.8160210786702247, 0.8160210786702247, 0.8160210786702246, 0.8160210786702243, 0.8160210786702247, 0.8160210786702242, 0.8160210786702243, 0.8160210786702242, 0.8160210786702246, 0.8160210786702246, 0.8160210786702246, 0.8160210786702243, 0.8160210786702247, 0.8160210786702247, 0.8160210786702246, 0.8160210786702247, 0.8160210786702246, 0.8160210786702247, 0.8160210786702243, 0.8160210786702247, 0.8160210786702242, 0.8160210786702243, 0.8160210786702243, 0.8160210786702246, 0.8160210786702246, 0.8160210786702246, 0.8160210786702247, 0.8160210786702246, 0.636256341392516, 0.8160210786702243, 0.8160210786702246, 0.8160210786702242, 0.8160210786702246, 0.5872294803954359, 0.8160210786702246, 0.8160210786702243, 0.8160210786702247, 0.8160210786702246, 0.8160210786702246, 0.8160210786702243, 0.8160210786702243, 0.816021078670225, 0.8160210786702243, 0.8160210786702242, 0.8160210786702247, 0.816021078670225, 0.8160210786702246, 0.8160210786702248, 0.8160210786702243, 0.8160210786702247, 0.8160210786702242, 0.636256341392516, 0.8160210786702247, 0.8160210786702246, 0.8160210786702246, 0.8160210786702243, 0.8160210786702243, 0.6258980382192605, 0.8160210786702246, 0.8160210786702246, 0.8160210786702246, 0.8160210786702246, 0.8160210786702242, 0.8160210786702243, 0.8160210786702243, 0.8160210786702248, 0.8160210786702243, 0.8160210786702246, 0.8160210786702246, 0.8160210786702243, 0.636256341392516, 0.8160210786702246, 0.8160210786702246, 0.8160210786702246, 0.8160210786702247, 0.8160210786702246, 0.8160210786702246, 0.8160210786702248, 0.8160210786702243, 0.8160210786702247, 0.8160210786702247, 0.8160210786702246, 0.8160210786702248, 0.8160210786702243, 0.8160210786702246, 0.8160210786702247, 0.8160210786702242, 0.8160210786702243, 0.8160210786702243, 0.8160210786702246, 0.8160210786702247, 0.8160210786702246, 0.8160210786702243, 0.8160210786702247, 0.8160210786702247, 0.8160210786702247, 0.8160210786702247, 0.8160210786702243, 0.8160210786702247, 0.8160210786702246, 0.8160210786702243, 0.8160210786702246, 0.8160210786702243, 0.8160210786702246, 0.6265171416405497, 0.8160210786702243, 0.8160210786702247, 0.8160210786702247, 0.8160210786702247, 0.8160210786702246, 0.8160210786702242, 0.8160210786702246, 0.8160210786702247, 0.8160210786702243, 0.8160210786702247, 0.8160210786702247, 0.8160210786702243, 0.6258980382192605, 0.8160210786702243, 0.8160210786702246, 0.8160210786702247, 0.8160210786702243, 0.8160210786702242, 0.8160210786702248, 0.8160210786702246, 0.6258980382192607, 0.6258980382192606, 0.8160210786702243, 0.8160210786702247, 0.8160210786702243, 0.8160210786702246, 0.8160210786702243]
control_quadratic d(s)=e_p(2s^2), solved witness a=e_p(4x^2) b=e_p(4y^2) c=e_p(-2s^2): exact_corr=1.0000000000000002 |corr-1|=2.220446049250313e-16
control_quadratic NOTE: brief's literal witness a=e_p(2x^2) b=e_p(2y^2) c=e_p(-s^2) gives corr=0.3779644730092275 (= |Gauss sum|/p = 1/sqrt(7) up to rounding, since d*conj(abc)=e_p((x-y)^2)), NOT 1; the solved witness above restores exact corr=1.
max_sweeps_used_any_restart=300
