# GREEN-028 CHECK 6 raw experiment
# p=5 n=1 seed=20260826 restarts=1000 max_sweeps=300 convergence_tol=1e-13 ties->1
# DOMINANCE STATEMENT: quadratic-phase factors are redundant under the reading (-1)^q = e_p(Q). By CHECK 3 (symmetric-cross case) any such e_p(Q(x,y)) factors as e_p(alpha(x))e_p(beta(y))e_p(gamma(x+y)), which absorbs into a,b,c. Hence M = sup over arbitrary unimodular a,b,c already dominates the sup over the full stated class.
target_d=e_p(s^3) exponents=[0, 1, 3, 2, 4]
cubic_best=0.7236067977499792
cubic_mean=0.7225012249409789
cubic_pstdev=0.01744564466461712
cubic_finals=[0.7236067977499789, 0.7236067977499789, 0.7236067977499789, 0.7236067977499789, 0.723606797749979, 0.7236067977499789, 0.7236067977499789, 0.723606797749979, 0.723606797749979, 0.723606797749979, 0.7236067977499789, 0.7236067977499789, 0.723606797749979, 0.7236067977499789, 0.7236067977499789, 0.7236067977499789, 0.7236067977499789, 0.7236067977499789, 0.723606797749979, 0.723606797749979, 0.723606797749979, 0.7236067977499789, 0.723606797749979, 0.7236067977499789, 0.723606797749979, 0.723606797749979, 0.7236067977499789, 0.723606797749979, 0.7236067977499789, 0.7236067977499789, 0.7236067977499789, 0.723606797749979, 0.723606797749979, 0.7236067977499789, 0.7236067977499789, 0.7236067977499789, 0.7236067977499789, 0.7236067977499789, 0.723606797749979, 0.723606797749979, 0.7236067977499789, 0.7236067977499789, 0.7236067977499789, 0.723606797749979, 0.723606797749979, 0.7236067977499789, 0.723606797749979, 0.7236067977499789, 0.723606797749979, 0.7236067977499789, 0.7236067977499789, 0.7236067977499789, 0.7236067977499789, 0.723606797749979, 0.7236067977499789, 0.7236067977499789, 0.723606797749979, 0.7236067977499789, 0.723606797749979, 0.7236067977499789, 0.447213595499958, 0.7236067977499789, 0.723606797749979, 0.7236067977499789, 0.7236067977499789, 0.7236067977499789, 0.7236067977499789, 0.7236067977499789, 0.7236067977499787, 0.723606797749979, 0.723606797749979, 0.723606797749979, 0.723606797749979, 0.723606797749979, 0.7236067977499792, 0.723606797749979, 0.7236067977499789, 0.7236067977499789, 0.723606797749979, 0.7236067977499792, 0.7236067977499789, 0.723606797749979, 0.7236067977499787, 0.7236067977499789, 0.7236067977499789, 0.7236067977499789, 0.7236067977499789, 0.7236067977499789, 0.7236067977499789, 0.7236067977499789, 0.723606797749979, 0.723606797749979, 0.7236067977499789, 0.7236067977499789, 0.723606797749979, 0.7236067977499789, 0.7236067977499789, 0.723606797749979, 0.7236067977499789, 0.723606797749979, 0.7236067977499789, 0.7236067977499789, 0.723606797749979, 0.7236067977499789, 0.7236067977499789, 0.723606797749979, 0.7236067977499789, 0.723606797749979, 0.7236067977499789, 0.7236067977499789, 0.7236067977499789, 0.7236067977499787, 0.7236067977499789, 0.7236067977499789, 0.7236067977499789, 0.7236067977499789, 0.723606797749979, 0.7236067977499789, 0.7236067977499789, 0.723606797749979, 0.7236067977499789, 0.7236067977499789, 0.7236067977499789, 0.7236067977499789, 0.723606797749979, 0.723606797749979, 0.7236067977499789, 0.723606797749979, 0.723606797749979, 0.7236067977499789, 0.7236067977499789, 0.7236067977499789, 0.7236067977499789, 0.7236067977499789, 0.7236067977499789, 0.7236067977499789, 0.723606797749979, 0.7236067977499789, 0.723606797749979, 0.7236067977499787, 0.7236067977499789, 0.7236067977499789, 0.7236067977499789, 0.7236067977499789, 0.7236067977499789, 0.7236067977499789, 0.723606797749979, 0.7236067977499789, 0.7236067977499787, 0.7236067977499789, 0.7236067977499789, 0.7236067977499789, 0.723606797749979, 0.723606797749979, 0.7236067977499789, 0.723606797749979, 0.723606797749979, 0.723606797749979, 0.7236067977499789, 0.7236067977499789, 0.7236067977499787, 0.7236067977499789, 0.7236067977499789, 0.723606797749979, 0.7236067977499789, 0.7236067977499789, 0.723606797749979, 0.7236067977499789, 0.7236067977499789, 0.7236067977499789, 0.7236067977499789, 0.723606797749979, 0.7236067977499789, 0.7236067977499792, 0.723606797749979, 0.723606797749979, 0.7236067977499789, 0.7236067977499789, 0.7236067977499789, 0.7236067977499787, 0.7236067977499789, 0.7236067977499789, 0.723606797749979, 0.723606797749979, 0.7236067977499789, 0.7236067977499789, 0.7236067977499789, 0.7236067977499789, 0.723606797749979, 0.7236067977499789, 0.723606797749979, 0.7236067977499789, 0.7236067977499789, 0.7236067977499789, 0.7236067977499789, 0.7236067977499789, 0.723606797749979, 0.7236067977499789, 0.723606797749979, 0.723606797749979, 0.7236067977499789, 0.723606797749979, 0.7236067977499789, 0.723606797749979, 0.7236067977499789, 0.7236067977499789, 0.723606797749979, 0.7236067977499789, 0.7236067977499789, 0.7236067977499789, 0.7236067977499787, 0.7236067977499789, 0.7236067977499789, 0.7236067977499789, 0.7236067977499789, 0.7236067977499789, 0.7236067977499789, 0.723606797749979, 0.7236067977499789, 0.7236067977499789, 0.7236067977499789, 0.723606797749979, 0.7236067977499789, 0.7236067977499787, 0.7236067977499789, 0.7236067977499789, 0.723606797749979, 0.723606797749979, 0.7236067977499789, 0.7236067977499789, 0.7236067977499789, 0.44721359549995787, 0.7236067977499789, 0.7236067977499789, 0.7236067977499789, 0.7236067977499787, 0.7236067977499789, 0.7236067977499789, 0.723606797749979, 0.723606797749979, 0.7236067977499789, 0.7236067977499789, 0.7236067977499789, 0.7236067977499789, 0.7236067977499789, 0.7236067977499789, 0.7236067977499789, 0.723606797749979, 0.7236067977499789, 0.7236067977499792, 0.7236067977499789, 0.7236067977499789, 0.723606797749979, 0.7236067977499789, 0.7236067977499789, 0.7236067977499787, 0.723606797749979, 0.723606797749979, 0.723606797749979, 0.7236067977499789, 0.723606797749979, 0.7236067977499789, 0.7236067977499789, 0.7236067977499789, 0.7236067977499789, 0.723606797749979, 0.723606797749979, 0.723606797749979, 0.723606797749979, 0.723606797749979, 0.7236067977499789, 0.7236067977499789, 0.7236067977499789, 0.7236067977499789, 0.7236067977499789, 0.7236067977499789, 0.7236067977499789, 0.7236067977499789, 0.723606797749979, 0.723606797749979, 0.7236067977499789, 0.7236067977499789, 0.7236067977499789, 0.7236067977499789, 0.723606797749979, 0.7236067977499789, 0.723606797749979, 0.7236067977499789, 0.7236067977499789, 0.7236067977499789, 0.7236067977499787, 0.723606797749979, 0.7236067977499789, 0.7236067977499789, 0.7236067977499789, 0.723606797749979, 0.7236067977499789, 0.723606797749979, 0.723606797749979, 0.723606797749979, 0.723606797749979, 0.7236067977499789, 0.7236067977499789, 0.723606797749979, 0.7236067977499789, 0.7236067977499789, 0.7236067977499789, 0.723606797749979, 0.7236067977499789, 0.723606797749979, 0.7236067977499789, 0.7236067977499789, 0.723606797749979, 0.7236067977499789, 0.7236067977499789, 0.723606797749979, 0.7236067977499789, 0.7236067977499789, 0.7236067977499789, 0.723606797749979, 0.7236067977499789, 0.7236067977499789, 0.7236067977499789, 0.723606797749979, 0.7236067977499789, 0.723606797749979, 0.7236067977499787, 0.723606797749979, 0.7236067977499789, 0.7236067977499789, 0.723606797749979, 0.723606797749979, 0.7236067977499789, 0.723606797749979, 0.7236067977499789, 0.7236067977499789, 0.7236067977499789, 0.7236067977499789, 0.7236067977499789, 0.723606797749979, 0.723606797749979, 0.7236067977499789, 0.7236067977499787, 0.7236067977499789, 0.7236067977499789, 0.723606797749979, 0.723606797749979, 0.723606797749979, 0.7236067977499789, 0.723606797749979, 0.723606797749979, 0.7236067977499789, 0.723606797749979, 0.723606797749979, 0.7236067977499789, 0.7236067977499789, 0.7236067977499789, 0.723606797749979, 0.723606797749979, 0.7236067977499789, 0.723606797749979, 0.7236067977499789, 0.7236067977499789, 0.7236067977499789, 0.7236067977499789, 0.7236067977499789, 0.7236067977499789, 0.7236067977499789, 0.7236067977499789, 0.7236067977499789, 0.7236067977499789, 0.7236067977499787, 0.723606797749979, 0.723606797749979, 0.7236067977499789, 0.723606797749979, 0.723606797749979, 0.723606797749979, 0.7236067977499789, 0.7236067977499789, 0.7236067977499789, 0.7236067977499789, 0.7236067977499789, 0.7236067977499789, 0.7236067977499789, 0.7236067977499787, 0.7236067977499789, 0.7236067977499789, 0.723606797749979, 0.723606797749979, 0.7236067977499789, 0.44721359549995787, 0.7236067977499789, 0.723606797749979, 0.723606797749979, 0.723606797749979, 0.7236067977499789, 0.7236067977499789, 0.723606797749979, 0.723606797749979, 0.7236067977499789, 0.723606797749979, 0.723606797749979, 0.723606797749979, 0.7236067977499789, 0.723606797749979, 0.723606797749979, 0.7236067977499789, 0.7236067977499789, 0.723606797749979, 0.7236067977499789, 0.7236067977499792, 0.7236067977499789, 0.723606797749979, 0.723606797749979, 0.7236067977499789, 0.7236067977499789, 0.7236067977499789, 0.723606797749979, 0.723606797749979, 0.7236067977499789, 0.7236067977499789, 0.723606797749979, 0.7236067977499789, 0.7236067977499789, 0.7236067977499789, 0.7236067977499787, 0.7236067977499789, 0.7236067977499789, 0.7236067977499789, 0.7236067977499789, 0.723606797749979, 0.7236067977499789, 0.723606797749979, 0.7236067977499789, 0.7236067977499789, 0.7236067977499789, 0.7236067977499789, 0.7236067977499789, 0.7236067977499789, 0.723606797749979, 0.7236067977499789, 0.723606797749979, 0.723606797749979, 0.723606797749979, 0.7236067977499789, 0.723606797749979, 0.723606797749979, 0.7236067977499789, 0.723606797749979, 0.7236067977499787, 0.7236067977499789, 0.723606797749979, 0.7236067977499789, 0.7236067977499789, 0.723606797749979, 0.7236067977499789, 0.7236067977499787, 0.7236067977499789, 0.7236067977499789, 0.7236067977499789, 0.7236067977499789, 0.7236067977499789, 0.7236067977499789, 0.7236067977499787, 0.7236067977499789, 0.7236067977499789, 0.7236067977499789, 0.7236067977499787, 0.723606797749979, 0.7236067977499789, 0.723606797749979, 0.7236067977499789, 0.723606797749979, 0.723606797749979, 0.7236067977499789, 0.7236067977499789, 0.7236067977499787, 0.723606797749979, 0.7236067977499789, 0.723606797749979, 0.7236067977499789, 0.7236067977499789, 0.7236067977499789, 0.723606797749979, 0.7236067977499787, 0.7236067977499789, 0.7236067977499789, 0.723606797749979, 0.7236067977499787, 0.7236067977499789, 0.723606797749979, 0.7236067977499789, 0.723606797749979, 0.7236067977499789, 0.7236067977499787, 0.7236067977499789, 0.7236067977499789, 0.7236067977499789, 0.723606797749979, 0.7236067977499789, 0.7236067977499789, 0.7236067977499789, 0.7236067977499789, 0.7236067977499789, 0.7236067977499789, 0.7236067977499789, 0.7236067977499789, 0.723606797749979, 0.7236067977499789, 0.7236067977499789, 0.7236067977499789, 0.723606797749979, 0.7236067977499789, 0.723606797749979, 0.7236067977499787, 0.7236067977499789, 0.723606797749979, 0.7236067977499789, 0.7236067977499789, 0.7236067977499789, 0.7236067977499789, 0.7236067977499787, 0.7236067977499789, 0.7236067977499787, 0.7236067977499789, 0.723606797749979, 0.7236067977499787, 0.7236067977499789, 0.723606797749979, 0.7236067977499789, 0.7236067977499789, 0.723606797749979, 0.44721359549995787, 0.7236067977499789, 0.7236067977499789, 0.723606797749979, 0.723606797749979, 0.7236067977499789, 0.7236067977499789, 0.7236067977499789, 0.7236067977499789, 0.7236067977499789, 0.723606797749979, 0.723606797749979, 0.7236067977499787, 0.7236067977499789, 0.7236067977499789, 0.723606797749979, 0.7236067977499789, 0.7236067977499789, 0.723606797749979, 0.723606797749979, 0.7236067977499789, 0.723606797749979, 0.723606797749979, 0.7236067977499789, 0.7236067977499789, 0.7236067977499789, 0.723606797749979, 0.7236067977499789, 0.7236067977499787, 0.7236067977499789, 0.7236067977499789, 0.723606797749979, 0.7236067977499789, 0.7236067977499789, 0.7236067977499789, 0.7236067977499789, 0.7236067977499789, 0.723606797749979, 0.7236067977499789, 0.7236067977499789, 0.7236067977499789, 0.723606797749979, 0.723606797749979, 0.7236067977499789, 0.7236067977499789, 0.723606797749979, 0.7236067977499789, 0.7236067977499789, 0.723606797749979, 0.7236067977499789, 0.7236067977499789, 0.723606797749979, 0.7236067977499789, 0.7236067977499789, 0.723606797749979, 0.723606797749979, 0.7236067977499789, 0.7236067977499789, 0.7236067977499789, 0.723606797749979, 0.7236067977499789, 0.7236067977499789, 0.7236067977499789, 0.7236067977499789, 0.7236067977499787, 0.7236067977499787, 0.7236067977499789, 0.7236067977499789, 0.7236067977499789, 0.7236067977499789, 0.7236067977499789, 0.7236067977499789, 0.7236067977499789, 0.7236067977499789, 0.7236067977499789, 0.723606797749979, 0.7236067977499789, 0.7236067977499789, 0.723606797749979, 0.7236067977499789, 0.7236067977499787, 0.7236067977499789, 0.7236067977499789, 0.7236067977499789, 0.7236067977499789, 0.7236067977499789, 0.723606797749979, 0.7236067977499789, 0.7236067977499789, 0.723606797749979, 0.7236067977499789, 0.723606797749979, 0.7236067977499787, 0.7236067977499789, 0.7236067977499787, 0.723606797749979, 0.7236067977499789, 0.7236067977499789, 0.7236067977499789, 0.7236067977499789, 0.723606797749979, 0.7236067977499787, 0.7236067977499789, 0.7236067977499789, 0.7236067977499789, 0.7236067977499789, 0.723606797749979, 0.7236067977499789, 0.723606797749979, 0.7236067977499789, 0.723606797749979, 0.7236067977499789, 0.7236067977499789, 0.723606797749979, 0.723606797749979, 0.723606797749979, 0.723606797749979, 0.7236067977499789, 0.7236067977499789, 0.723606797749979, 0.7236067977499789, 0.7236067977499787, 0.7236067977499789, 0.7236067977499789, 0.7236067977499789, 0.7236067977499789, 0.7236067977499789, 0.7236067977499787, 0.7236067977499789, 0.7236067977499787, 0.723606797749979, 0.723606797749979, 0.723606797749979, 0.7236067977499789, 0.723606797749979, 0.723606797749979, 0.723606797749979, 0.7236067977499789, 0.7236067977499789, 0.723606797749979, 0.7236067977499789, 0.723606797749979, 0.7236067977499789, 0.7236067977499789, 0.7236067977499789, 0.723606797749979, 0.7236067977499789, 0.723606797749979, 0.7236067977499787, 0.7236067977499789, 0.7236067977499787, 0.723606797749979, 0.7236067977499789, 0.7236067977499789, 0.7236067977499789, 0.7236067977499789, 0.7236067977499789, 0.723606797749979, 0.7236067977499789, 0.7236067977499789, 0.723606797749979, 0.7236067977499789, 0.7236067977499789, 0.7236067977499789, 0.7236067977499789, 0.723606797749979, 0.7236067977499789, 0.723606797749979, 0.7236067977499789, 0.7236067977499789, 0.7236067977499789, 0.7236067977499789, 0.7236067977499789, 0.7236067977499789, 0.7236067977499789, 0.723606797749979, 0.7236067977499789, 0.7236067977499789, 0.7236067977499789, 0.7236067977499789, 0.7236067977499789, 0.7236067977499789, 0.723606797749979, 0.723606797749979, 0.723606797749979, 0.7236067977499789, 0.7236067977499789, 0.7236067977499789, 0.723606797749979, 0.7236067977499789, 0.7236067977499789, 0.723606797749979, 0.7236067977499789, 0.723606797749979, 0.7236067977499789, 0.7236067977499789, 0.7236067977499789, 0.723606797749979, 0.7236067977499789, 0.7236067977499789, 0.7236067977499789, 0.723606797749979, 0.7236067977499789, 0.723606797749979, 0.723606797749979, 0.7236067977499789, 0.723606797749979, 0.7236067977499789, 0.7236067977499789, 0.7236067977499789, 0.723606797749979, 0.7236067977499787, 0.723606797749979, 0.7236067977499789, 0.7236067977499789, 0.7236067977499789, 0.723606797749979, 0.723606797749979, 0.723606797749979, 0.7236067977499789, 0.723606797749979, 0.7236067977499789, 0.7236067977499787, 0.7236067977499789, 0.7236067977499789, 0.7236067977499789, 0.7236067977499789, 0.7236067977499789, 0.723606797749979, 0.7236067977499789, 0.7236067977499789, 0.7236067977499789, 0.7236067977499789, 0.7236067977499789, 0.7236067977499789, 0.7236067977499789, 0.7236067977499789, 0.7236067977499789, 0.7236067977499789, 0.7236067977499789, 0.7236067977499789, 0.7236067977499789, 0.7236067977499789, 0.7236067977499789, 0.7236067977499789, 0.7236067977499789, 0.723606797749979, 0.7236067977499789, 0.7236067977499789, 0.7236067977499789, 0.7236067977499789, 0.7236067977499789, 0.7236067977499789, 0.723606797749979, 0.7236067977499789, 0.7236067977499789, 0.723606797749979, 0.7236067977499789, 0.723606797749979, 0.723606797749979, 0.7236067977499789, 0.7236067977499789, 0.723606797749979, 0.7236067977499789, 0.7236067977499789, 0.7236067977499789, 0.7236067977499789, 0.7236067977499789, 0.7236067977499787, 0.723606797749979, 0.7236067977499789, 0.7236067977499789, 0.7236067977499789, 0.723606797749979, 0.7236067977499789, 0.723606797749979, 0.7236067977499789, 0.7236067977499789, 0.723606797749979, 0.7236067977499789, 0.7236067977499789, 0.7236067977499789, 0.7236067977499789, 0.7236067977499787, 0.723606797749979, 0.723606797749979, 0.7236067977499789, 0.7236067977499789, 0.7236067977499789, 0.7236067977499789, 0.7236067977499789, 0.7236067977499789, 0.7236067977499789, 0.7236067977499789, 0.7236067977499789, 0.723606797749979, 0.7236067977499789, 0.7236067977499789, 0.7236067977499789, 0.7236067977499789, 0.7236067977499789, 0.723606797749979, 0.723606797749979, 0.7236067977499789, 0.7236067977499787, 0.7236067977499789, 0.723606797749979, 0.7236067977499789, 0.723606797749979, 0.7236067977499789, 0.7236067977499789, 0.7236067977499789, 0.7236067977499789, 0.723606797749979, 0.723606797749979, 0.723606797749979, 0.723606797749979, 0.7236067977499789, 0.723606797749979, 0.7236067977499789, 0.7236067977499789, 0.7236067977499787, 0.7236067977499789, 0.723606797749979, 0.7236067977499789, 0.7236067977499789, 0.723606797749979, 0.7236067977499789, 0.7236067977499789, 0.7236067977499789, 0.7236067977499789, 0.7236067977499789, 0.7236067977499789, 0.7236067977499787, 0.7236067977499789, 0.7236067977499789, 0.723606797749979, 0.723606797749979, 0.7236067977499789, 0.7236067977499789, 0.7236067977499789, 0.7236067977499789, 0.723606797749979, 0.723606797749979, 0.7236067977499789, 0.7236067977499787, 0.7236067977499789, 0.7236067977499787, 0.7236067977499789, 0.723606797749979, 0.7236067977499789, 0.7236067977499789, 0.7236067977499789, 0.7236067977499789, 0.7236067977499789, 0.723606797749979, 0.7236067977499789, 0.7236067977499789, 0.7236067977499789, 0.7236067977499789, 0.7236067977499789, 0.7236067977499789, 0.7236067977499789, 0.723606797749979, 0.7236067977499789, 0.7236067977499789, 0.7236067977499789, 0.7236067977499789, 0.7236067977499789, 0.7236067977499789, 0.7236067977499787, 0.7236067977499789, 0.723606797749979, 0.723606797749979, 0.7236067977499789, 0.723606797749979, 0.723606797749979, 0.7236067977499789, 0.7236067977499789, 0.7236067977499789, 0.7236067977499789, 0.7236067977499789, 0.7236067977499789, 0.723606797749979, 0.7236067977499789, 0.723606797749979, 0.7236067977499789, 0.7236067977499789, 0.7236067977499789, 0.7236067977499789, 0.7236067977499789, 0.7236067977499789, 0.7236067977499789, 0.7236067977499789, 0.7236067977499789, 0.7236067977499787, 0.723606797749979, 0.7236067977499789, 0.7236067977499787, 0.7236067977499789, 0.723606797749979, 0.7236067977499787, 0.723606797749979, 0.7236067977499789, 0.7236067977499789, 0.7236067977499789, 0.723606797749979, 0.7236067977499789, 0.7236067977499789, 0.723606797749979, 0.7236067977499787, 0.7236067977499787, 0.723606797749979, 0.7236067977499789, 0.7236067977499789, 0.723606797749979, 0.7236067977499789, 0.7236067977499789, 0.7236067977499789, 0.7236067977499789, 0.723606797749979, 0.7236067977499789, 0.723606797749979, 0.7236067977499787, 0.7236067977499789, 0.7236067977499789, 0.723606797749979, 0.723606797749979, 0.723606797749979, 0.7236067977499789, 0.7236067977499789, 0.7236067977499789, 0.7236067977499789, 0.7236067977499789, 0.7236067977499789, 0.7236067977499789, 0.7236067977499789, 0.723606797749979, 0.723606797749979, 0.7236067977499789, 0.7236067977499789, 0.7236067977499789, 0.7236067977499789, 0.723606797749979, 0.7236067977499789, 0.7236067977499789, 0.7236067977499789, 0.7236067977499789, 0.723606797749979, 0.723606797749979, 0.7236067977499789, 0.7236067977499787, 0.7236067977499789, 0.7236067977499789, 0.7236067977499789, 0.723606797749979, 0.723606797749979, 0.7236067977499789, 0.7236067977499792, 0.7236067977499789, 0.723606797749979, 0.7236067977499787, 0.7236067977499789, 0.7236067977499792, 0.7236067977499789, 0.723606797749979, 0.7236067977499789]
control_random_d exponents=[1, 1, 1, 2, 0]
randomd_best=0.7236067977499792
randomd_mean=0.7223304045477289
randomd_pstdev=0.020677292548670703
randomd_finals=[0.723606797749979, 0.723606797749979, 0.723606797749979, 0.7236067977499789, 0.7236067977499789, 0.7236067977499789, 0.7236067977499789, 0.7236067977499789, 0.723606797749979, 0.7236067977499789, 0.723606797749979, 0.7236067977499789, 0.723606797749979, 0.7236067977499789, 0.7236067977499789, 0.7236067977499789, 0.723606797749979, 0.7236067977499789, 0.7236067977499789, 0.7236067977499789, 0.7236067977499789, 0.7236067977499789, 0.7236067977499789, 0.7236067977499789, 0.7236067977499789, 0.7236067977499789, 0.723606797749979, 0.7236067977499789, 0.723606797749979, 0.7236067977499789, 0.7236067977499789, 0.7236067977499789, 0.7236067977499789, 0.7236067977499787, 0.7236067977499789, 0.7236067977499789, 0.7236067977499789, 0.7236067977499789, 0.7236067977499789, 0.7236067977499789, 0.723606797749979, 0.723606797749979, 0.723606797749979, 0.7236067977499789, 0.723606797749979, 0.7236067977499789, 0.7236067977499789, 0.7236067977499789, 0.7236067977499789, 0.7236067977499787, 0.723606797749979, 0.723606797749979, 0.723606797749979, 0.723606797749979, 0.7236067977499789, 0.7236067977499789, 0.7236067977499789, 0.7236067977499789, 0.7236067977499789, 0.723606797749979, 0.7236067977499789, 0.723606797749979, 0.723606797749979, 0.723606797749979, 0.723606797749979, 0.7236067977499789, 0.7236067977499789, 0.7236067977499789, 0.7236067977499789, 0.7236067977499789, 0.7236067977499789, 0.7236067977499789, 0.7236067977499789, 0.7236067977499789, 0.7236067977499789, 0.7236067977499789, 0.7236067977499789, 0.723606797749979, 0.723606797749979, 0.7236067977499789, 0.7236067977499789, 0.7236067977499789, 0.723606797749979, 0.723606797749979, 0.7236067977499789, 0.723606797749979, 0.7236067977499789, 0.7236067977499789, 0.7236067977499787, 0.723606797749979, 0.7236067977499789, 0.7236067977499789, 0.723606797749979, 0.7236067977499789, 0.723606797749979, 0.723606797749979, 0.723606797749979, 0.7236067977499789, 0.7236067977499789, 0.7236067977499787, 0.7236067977499787, 0.7236067977499789, 0.723606797749979, 0.7236067977499787, 0.7236067977499789, 0.723606797749979, 0.7236067977499789, 0.7236067977499789, 0.7236067977499789, 0.7236067977499787, 0.7236067977499789, 0.7236067977499789, 0.7236067977499789, 0.723606797749979, 0.7236067977499789, 0.7236067977499789, 0.723606797749979, 0.723606797749979, 0.7236067977499789, 0.7236067977499789, 0.7236067977499789, 0.7236067977499789, 0.7236067977499789, 0.7236067977499789, 0.7236067977499789, 0.723606797749979, 0.7236067977499789, 0.7236067977499789, 0.7236067977499789, 0.7236067977499789, 0.7236067977499792, 0.7236067977499789, 0.7236067977499789, 0.723606797749979, 0.7236067977499789, 0.7236067977499787, 0.7236067977499789, 0.7236067977499789, 0.7236067977499789, 0.7236067977499789, 0.7236067977499789, 0.7236067977499789, 0.7236067977499787, 0.7236067977499789, 0.7236067977499789, 0.723606797749979, 0.7236067977499789, 0.723606797749979, 0.7236067977499789, 0.723606797749979, 0.7236067977499789, 0.7236067977499789, 0.7236067977499789, 0.7236067977499789, 0.7236067977499789, 0.7236067977499789, 0.7236067977499789, 0.7236067977499789, 0.7236067977499789, 0.7236067977499789, 0.7236067977499789, 0.7236067977499789, 0.7236067977499787, 0.7236067977499789, 0.723606797749979, 0.723606797749979, 0.723606797749979, 0.7236067977499789, 0.723606797749979, 0.7236067977499789, 0.7236067977499789, 0.723606797749979, 0.7236067977499789, 0.7236067977499789, 0.7236067977499789, 0.7236067977499789, 0.7236067977499789, 0.7236067977499789, 0.7236067977499789, 0.723606797749979, 0.7236067977499789, 0.7236067977499789, 0.7236067977499789, 0.7236067977499789, 0.7236067977499792, 0.723606797749979, 0.723606797749979, 0.723606797749979, 0.7236067977499787, 0.7236067977499789, 0.7236067977499789, 0.7236067977499789, 0.723606797749979, 0.7236067977499787, 0.7236067977499787, 0.7236067977499789, 0.7236067977499789, 0.723606797749979, 0.7236067977499789, 0.7236067977499789, 0.7236067977499789, 0.7236067977499789, 0.7236067977499789, 0.723606797749979, 0.7236067977499789, 0.7236067977499789, 0.7236067977499787, 0.7236067977499789, 0.723606797749979, 0.723606797749979, 0.7236067977499789, 0.723606797749979, 0.723606797749979, 0.7236067977499789, 0.7236067977499789, 0.7236067977499789, 0.7236067977499789, 0.7236067977499789, 0.7236067977499789, 0.7236067977499787, 0.7236067977499789, 0.7236067977499787, 0.7236067977499789, 0.7236067977499789, 0.7236067977499789, 0.7236067977499789, 0.723606797749979, 0.723606797749979, 0.723606797749979, 0.723606797749979, 0.7236067977499789, 0.7236067977499789, 0.7236067977499789, 0.723606797749979, 0.7236067977499789, 0.7236067977499789, 0.723606797749979, 0.7236067977499789, 0.723606797749979, 0.7236067977499789, 0.723606797749979, 0.7236067977499789, 0.7236067977499789, 0.723606797749979, 0.723606797749979, 0.7236067977499789, 0.7236067977499789, 0.723606797749979, 0.723606797749979, 0.723606797749979, 0.723606797749979, 0.7236067977499789, 0.7236067977499789, 0.7236067977499789, 0.723606797749979, 0.7236067977499789, 0.7236067977499789, 0.7236067977499789, 0.7236067977499789, 0.7236067977499789, 0.723606797749979, 0.7236067977499789, 0.7236067977499789, 0.7236067977499789, 0.7236067977499789, 0.7236067977499789, 0.723606797749979, 0.7236067977499789, 0.7236067977499789, 0.7236067977499789, 0.7236067977499789, 0.723606797749979, 0.7236067977499789, 0.7236067977499789, 0.7236067977499792, 0.7236067977499789, 0.7236067977499789, 0.7236067977499789, 0.7236067977499789, 0.7236067977499789, 0.7236067977499789, 0.723606797749979, 0.7236067977499789, 0.7236067977499789, 0.723606797749979, 0.7236067977499789, 0.7236067977499789, 0.7236067977499787, 0.723606797749979, 0.7236067977499787, 0.7236067977499789, 0.7236067977499789, 0.7236067977499789, 0.723606797749979, 0.723606797749979, 0.7236067977499789, 0.7236067977499789, 0.7236067977499789, 0.723606797749979, 0.7236067977499789, 0.7236067977499789, 0.7236067977499789, 0.723606797749979, 0.7236067977499789, 0.723606797749979, 0.7236067977499789, 0.723606797749979, 0.7236067977499787, 0.7236067977499789, 0.723606797749979, 0.7236067977499789, 0.7236067977499789, 0.7236067977499789, 0.7236067977499789, 0.723606797749979, 0.7236067977499789, 0.723606797749979, 0.7236067977499787, 0.7236067977499789, 0.7236067977499789, 0.7236067977499789, 0.723606797749979, 0.7236067977499789, 0.7236067977499789, 0.723606797749979, 0.7236067977499789, 0.7236067977499789, 0.7236067977499789, 0.723606797749979, 0.7236067977499789, 0.723606797749979, 0.723606797749979, 0.7236067977499789, 0.7236067977499789, 0.7236067977499789, 0.723606797749979, 0.723606797749979, 0.7236067977499789, 0.723606797749979, 0.7236067977499789, 0.723606797749979, 0.7236067977499789, 0.7236067977499789, 0.7236067977499789, 0.7236067977499789, 0.723606797749979, 0.7236067977499789, 0.723606797749979, 0.7236067977499789, 0.7236067977499789, 0.723606797749979, 0.7236067977499789, 0.7236067977499789, 0.7236067977499789, 0.723606797749979, 0.7236067977499789, 0.7236067977499789, 0.7236067977499789, 0.7236067977499787, 0.7236067977499789, 0.7236067977499789, 0.7236067977499792, 0.7236067977499789, 0.7236067977499789, 0.7236067977499787, 0.7236067977499789, 0.7236067977499789, 0.7236067977499789, 0.7236067977499789, 0.7236067977499789, 0.7236067977499789, 0.7236067977499789, 0.723606797749979, 0.7236067977499789, 0.723606797749979, 0.7236067977499789, 0.723606797749979, 0.7236067977499789, 0.723606797749979, 0.7236067977499787, 0.7236067977499789, 0.7236067977499789, 0.7236067977499789, 0.723606797749979, 0.7236067977499787, 0.723606797749979, 0.7236067977499789, 0.7236067977499789, 0.7236067977499789, 0.723606797749979, 0.7236067977499787, 0.7236067977499787, 0.7236067977499789, 0.7236067977499789, 0.7236067977499789, 0.723606797749979, 0.723606797749979, 0.723606797749979, 0.7236067977499789, 0.7236067977499789, 0.7236067977499789, 0.723606797749979, 0.7236067977499789, 0.7236067977499789, 0.723606797749979, 0.723606797749979, 0.7236067977499789, 0.7236067977499789, 0.7236067977499789, 0.723606797749979, 0.723606797749979, 0.7236067977499789, 0.7236067977499789, 0.7236067977499789, 0.7236067977499789, 0.7236067977499789, 0.7236067977499789, 0.723606797749979, 0.7236067977499789, 0.7236067977499789, 0.7236067977499789, 0.723606797749979, 0.7236067977499789, 0.7236067977499789, 0.723606797749979, 0.7236067977499789, 0.7236067977499789, 0.723606797749979, 0.723606797749979, 0.723606797749979, 0.723606797749979, 0.7236067977499789, 0.7236067977499789, 0.7236067977499789, 0.7236067977499789, 0.7236067977499787, 0.7236067977499789, 0.723606797749979, 0.723606797749979, 0.7236067977499789, 0.723606797749979, 0.723606797749979, 0.723606797749979, 0.7236067977499789, 0.7236067977499789, 0.723606797749979, 0.723606797749979, 0.7236067977499789, 0.7236067977499789, 0.723606797749979, 0.723606797749979, 0.7236067977499789, 0.7236067977499789, 0.723606797749979, 0.7236067977499789, 0.7236067977499789, 0.7236067977499789, 0.7236067977499789, 0.7236067977499787, 0.723606797749979, 0.7236067977499789, 0.7236067977499789, 0.723606797749979, 0.7236067977499787, 0.7236067977499789, 0.7236067977499789, 0.7236067977499789, 0.7236067977499789, 0.7236067977499789, 0.7236067977499789, 0.7236067977499789, 0.7236067977499789, 0.723606797749979, 0.723606797749979, 0.7236067977499789, 0.723606797749979, 0.7236067977499789, 0.7236067977499789, 0.723606797749979, 0.7236067977499789, 0.7236067977499789, 0.7236067977499789, 0.7236067977499789, 0.7236067977499789, 0.7236067977499789, 0.7236067977499789, 0.7236067977499789, 0.7236067977499789, 0.723606797749979, 0.7236067977499789, 0.723606797749979, 0.7236067977499789, 0.723606797749979, 0.7236067977499789, 0.7236067977499789, 0.7236067977499789, 0.7236067977499789, 0.7236067977499789, 0.723606797749979, 0.723606797749979, 0.723606797749979, 0.7236067977499789, 0.7236067977499789, 0.723606797749979, 0.7236067977499787, 0.7236067977499789, 0.7236067977499787, 0.7236067977499789, 0.723606797749979, 0.7236067977499789, 0.7236067977499789, 0.7236067977499789, 0.7236067977499789, 0.7236067977499789, 0.7236067977499789, 0.7236067977499789, 0.7236067977499789, 0.7236067977499789, 0.7236067977499787, 0.723606797749979, 0.7236067977499789, 0.7236067977499787, 0.7236067977499789, 0.723606797749979, 0.7236067977499789, 0.7236067977499787, 0.7236067977499789, 0.7236067977499789, 0.723606797749979, 0.7236067977499787, 0.723606797749979, 0.7236067977499789, 0.723606797749979, 0.7236067977499789, 0.7236067977499789, 0.7236067977499789, 0.7236067977499789, 0.7236067977499787, 0.7236067977499789, 0.7236067977499789, 0.7236067977499789, 0.7236067977499789, 0.723606797749979, 0.7236067977499789, 0.723606797749979, 0.7236067977499787, 0.7236067977499789, 0.7236067977499789, 0.723606797749979, 0.7236067977499789, 0.7236067977499789, 0.44721359549995787, 0.7236067977499789, 0.7236067977499789, 0.7236067977499789, 0.7236067977499789, 0.7236067977499787, 0.7236067977499789, 0.7236067977499789, 0.7236067977499787, 0.7236067977499789, 0.723606797749979, 0.7236067977499787, 0.7236067977499789, 0.723606797749979, 0.7236067977499787, 0.7236067977499789, 0.7236067977499787, 0.7236067977499789, 0.7236067977499789, 0.7236067977499789, 0.7236067977499787, 0.7236067977499789, 0.7236067977499789, 0.7236067977499787, 0.723606797749979, 0.7236067977499789, 0.7236067977499789, 0.7236067977499789, 0.7236067977499789, 0.7236067977499789, 0.7236067977499789, 0.723606797749979, 0.723606797749979, 0.723606797749979, 0.723606797749979, 0.7236067977499789, 0.723606797749979, 0.7236067977499789, 0.7236067977499789, 0.7236067977499789, 0.7236067977499789, 0.7236067977499787, 0.723606797749979, 0.7236067977499789, 0.7236067977499789, 0.723606797749979, 0.723606797749979, 0.7236067977499789, 0.7236067977499789, 0.7236067977499789, 0.7236067977499789, 0.7236067977499789, 0.7236067977499789, 0.7236067977499789, 0.7236067977499789, 0.723606797749979, 0.723606797749979, 0.7236067977499789, 0.723606797749979, 0.723606797749979, 0.7236067977499789, 0.7236067977499789, 0.723606797749979, 0.7236067977499789, 0.7236067977499789, 0.7236067977499789, 0.7236067977499787, 0.7236067977499789, 0.723606797749979, 0.7236067977499789, 0.7236067977499789, 0.7236067977499789, 0.7236067977499789, 0.723606797749979, 0.7236067977499789, 0.723606797749979, 0.7236067977499787, 0.7236067977499789, 0.7236067977499789, 0.723606797749979, 0.723606797749979, 0.7236067977499789, 0.7236067977499789, 0.7236067977499789, 0.723606797749979, 0.723606797749979, 0.7236067977499789, 0.723606797749979, 0.7236067977499789, 0.7236067977499789, 0.7236067977499789, 0.7236067977499789, 0.723606797749979, 0.7236067977499789, 0.7236067977499792, 0.723606797749979, 0.723606797749979, 0.7236067977499789, 0.7236067977499787, 0.723606797749979, 0.7236067977499787, 0.7236067977499789, 0.723606797749979, 0.7236067977499789, 0.7236067977499787, 0.7236067977499789, 0.7236067977499789, 0.723606797749979, 0.7236067977499789, 0.7236067977499789, 0.7236067977499789, 0.7236067977499789, 0.7236067977499789, 0.7236067977499789, 0.7236067977499789, 0.7236067977499789, 0.7236067977499789, 0.7236067977499789, 0.7236067977499789, 0.7236067977499789, 0.7236067977499789, 0.7236067977499789, 0.7236067977499789, 0.7236067977499789, 0.723606797749979, 0.7236067977499789, 0.7236067977499787, 0.723606797749979, 0.7236067977499787, 0.7236067977499789, 0.7236067977499789, 0.7236067977499789, 0.7236067977499789, 0.7236067977499789, 0.7236067977499789, 0.7236067977499789, 0.7236067977499789, 0.7236067977499789, 0.7236067977499789, 0.723606797749979, 0.7236067977499789, 0.7236067977499789, 0.723606797749979, 0.7236067977499789, 0.7236067977499789, 0.7236067977499789, 0.723606797749979, 0.7236067977499789, 0.7236067977499789, 0.723606797749979, 0.7236067977499789, 0.7236067977499789, 0.7236067977499789, 0.7236067977499789, 0.7236067977499789, 0.7236067977499789, 0.7236067977499789, 0.7236067977499789, 0.7236067977499789, 0.723606797749979, 0.7236067977499789, 0.7236067977499789, 0.7236067977499789, 0.7236067977499789, 0.7236067977499789, 0.723606797749979, 0.723606797749979, 0.723606797749979, 0.7236067977499789, 0.7236067977499789, 0.7236067977499789, 0.7236067977499789, 0.723606797749979, 0.7236067977499789, 0.7236067977499787, 0.723606797749979, 0.723606797749979, 0.7236067977499789, 0.723606797749979, 0.723606797749979, 0.7236067977499789, 0.7236067977499789, 0.7236067977499789, 0.723606797749979, 0.7236067977499789, 0.7236067977499789, 0.723606797749979, 0.7236067977499789, 0.7236067977499789, 0.7236067977499789, 0.723606797749979, 0.7236067977499789, 0.7236067977499789, 0.723606797749979, 0.7236067977499789, 0.7236067977499789, 0.7236067977499789, 0.7236067977499789, 0.7236067977499789, 0.7236067977499787, 0.723606797749979, 0.723606797749979, 0.7236067977499789, 0.7236067977499789, 0.723606797749979, 0.723606797749979, 0.7236067977499789, 0.7236067977499789, 0.7236067977499789, 0.7236067977499789, 0.723606797749979, 0.723606797749979, 0.7236067977499789, 0.7236067977499789, 0.7236067977499789, 0.723606797749979, 0.723606797749979, 0.723606797749979, 0.723606797749979, 0.7236067977499789, 0.723606797749979, 0.723606797749979, 0.723606797749979, 0.7236067977499789, 0.7236067977499789, 0.276393202250021, 0.7236067977499789, 0.7236067977499789, 0.723606797749979, 0.7236067977499789, 0.7236067977499789, 0.7236067977499787, 0.7236067977499789, 0.723606797749979, 0.7236067977499789, 0.7236067977499789, 0.7236067977499789, 0.7236067977499789, 0.7236067977499789, 0.7236067977499789, 0.7236067977499789, 0.7236067977499789, 0.7236067977499789, 0.7236067977499789, 0.7236067977499789, 0.7236067977499789, 0.7236067977499787, 0.723606797749979, 0.7236067977499789, 0.7236067977499789, 0.723606797749979, 0.7236067977499787, 0.723606797749979, 0.7236067977499789, 0.7236067977499789, 0.7236067977499789, 0.723606797749979, 0.7236067977499789, 0.7236067977499789, 0.7236067977499789, 0.7236067977499789, 0.7236067977499789, 0.7236067977499789, 0.723606797749979, 0.7236067977499789, 0.7236067977499789, 0.723606797749979, 0.723606797749979, 0.723606797749979, 0.7236067977499787, 0.7236067977499789, 0.7236067977499789, 0.723606797749979, 0.7236067977499789, 0.7236067977499789, 0.7236067977499789, 0.7236067977499789, 0.7236067977499787, 0.723606797749979, 0.723606797749979, 0.7236067977499789, 0.7236067977499789, 0.7236067977499789, 0.7236067977499789, 0.7236067977499789, 0.723606797749979, 0.7236067977499789, 0.7236067977499789, 0.723606797749979, 0.723606797749979, 0.7236067977499789, 0.723606797749979, 0.723606797749979, 0.7236067977499789, 0.723606797749979, 0.7236067977499789, 0.7236067977499789, 0.7236067977499789, 0.7236067977499787, 0.723606797749979, 0.723606797749979, 0.7236067977499789, 0.7236067977499789, 0.723606797749979, 0.7236067977499789, 0.7236067977499789, 0.7236067977499787, 0.723606797749979, 0.7236067977499789, 0.7236067977499789, 0.7236067977499787, 0.7236067977499789, 0.7236067977499789, 0.7236067977499787, 0.7236067977499789, 0.7236067977499789, 0.7236067977499787, 0.723606797749979, 0.7236067977499789, 0.723606797749979, 0.7236067977499789, 0.7236067977499789, 0.7236067977499789, 0.7236067977499789, 0.7236067977499789, 0.7236067977499792, 0.7236067977499789, 0.723606797749979, 0.7236067977499789, 0.7236067977499789, 0.723606797749979, 0.723606797749979, 0.723606797749979, 0.7236067977499789, 0.723606797749979, 0.7236067977499789, 0.7236067977499787, 0.7236067977499789, 0.7236067977499789, 0.7236067977499789, 0.7236067977499789, 0.7236067977499789, 0.7236067977499789, 0.7236067977499787, 0.723606797749979, 0.7236067977499787, 0.7236067977499789, 0.723606797749979, 0.7236067977499789, 0.7236067977499789, 0.723606797749979, 0.723606797749979, 0.7236067977499789, 0.7236067977499789, 0.7236067977499789, 0.723606797749979, 0.723606797749979, 0.7236067977499789, 0.7236067977499789, 0.7236067977499789, 0.723606797749979, 0.7236067977499789, 0.7236067977499787, 0.723606797749979, 0.7236067977499789, 0.7236067977499789, 0.7236067977499787, 0.723606797749979, 0.7236067977499789, 0.7236067977499789, 0.7236067977499789, 0.7236067977499789, 0.723606797749979, 0.723606797749979, 0.723606797749979, 0.447213595499958, 0.723606797749979, 0.7236067977499789, 0.7236067977499789, 0.723606797749979, 0.7236067977499789, 0.723606797749979, 0.723606797749979, 0.7236067977499789, 0.7236067977499789, 0.7236067977499789, 0.7236067977499789, 0.7236067977499789, 0.7236067977499789, 0.7236067977499789, 0.7236067977499789, 0.7236067977499789, 0.723606797749979, 0.723606797749979, 0.7236067977499789, 0.7236067977499789, 0.7236067977499789, 0.723606797749979, 0.7236067977499789, 0.7236067977499789, 0.723606797749979, 0.7236067977499789, 0.7236067977499789, 0.723606797749979, 0.7236067977499789, 0.7236067977499789, 0.7236067977499789, 0.7236067977499789, 0.7236067977499789, 0.7236067977499789, 0.7236067977499789, 0.723606797749979, 0.7236067977499789, 0.7236067977499789, 0.7236067977499789, 0.7236067977499789, 0.723606797749979, 0.723606797749979, 0.7236067977499789, 0.723606797749979, 0.723606797749979, 0.7236067977499789, 0.723606797749979, 0.7236067977499789, 0.7236067977499789, 0.7236067977499789, 0.723606797749979, 0.7236067977499789, 0.7236067977499789, 0.723606797749979, 0.7236067977499787, 0.7236067977499789, 0.447213595499958, 0.723606797749979, 0.7236067977499789, 0.7236067977499789, 0.7236067977499789, 0.7236067977499789, 0.723606797749979, 0.723606797749979, 0.7236067977499789, 0.7236067977499789, 0.723606797749979, 0.723606797749979, 0.7236067977499789, 0.723606797749979, 0.7236067977499787, 0.7236067977499789, 0.723606797749979]
control_quadratic d(s)=e_p(2s^2), solved witness a=e_p(4x^2) b=e_p(4y^2) c=e_p(-2s^2): exact_corr=1.0 |corr-1|=0.0
control_quadratic NOTE: brief's literal witness a=e_p(2x^2) b=e_p(2y^2) c=e_p(-s^2) gives corr=0.4472135954999578 (= |Gauss sum|/p = 1/sqrt(5) up to rounding, since d*conj(abc)=e_p((x-y)^2)), NOT 1; the solved witness above restores exact corr=1.
max_sweeps_used_any_restart=45
