# probe_large_p: M(d)-decay probe for d(s)=e_p(s^3), p in {11,13,17}
# seed=20260826 restarts: 300 (p=11,13) / 120 (p=17); max_sweeps=250; convergence_tol=1e-13; ties->phase 1
# Method: alternating phase-maximization identical to verify_solution.py CHECK 6 (alt_optimize), retuned for runtime.
# NOTE: this probe EXTENDS (not replaces) the deterministic CHECK 6 experiment (data/experiment_p5_n1.txt, data/experiment_p7_n1.txt).
#   p   cubic_best   cubic_mean   cubic_sd    rand_best    rand_mean    rand_sd
# target_d=e_p(s^3) exponents=[0, 1, 8, 5, 9, 4, 7, 2, 6, 3, 10]
# control_random_d exponents=[3, 8, 7, 4, 1, 4, 6, 9, 3, 10, 5]
  11  0.542871078  0.539892956  3.777e-03  0.645124308  0.604398012  3.020e-02
# p=11 raw cubic finals=[0.5351020626761754, 0.542871078462326, 0.5428710784623262, 0.5351020626761751, 0.5351020626761754, 0.542871078462326, 0.5428710784623262, 0.5428710784623261, 0.5428710784623264, 0.5351020626761752, 0.5351020626761751, 0.5428710784623261, 0.5351020626761753, 0.5351020626761751, 0.542871078462326, 0.5351020626761754, 0.5351020626761752, 0.5428710784623264, 0.5428710784623264, 0.5351020626761753, 0.5351020626761753, 0.5428710784623261, 0.5428710784623261, 0.5351020626761751, 0.5428710784623262, 0.5428710784623263, 0.5428710784623262, 0.542871078462326, 0.5351020626761752, 0.5351020626761752, 0.5351020626761752, 0.5428710784623262, 0.5428710784623262, 0.5428710784623263, 0.5428710784623262, 0.5428710784623261, 0.542871078462326, 0.5351020626761751, 0.5428710784623262, 0.542871078462326, 0.5428710784623263, 0.5428710784623261, 0.5351020626761753, 0.5351020626761752, 0.5351020626761751, 0.5428710784623261, 0.542871078462326, 0.5351020626761752, 0.542871078462326, 0.5428710784623262, 0.542871078462326, 0.5428710784623262, 0.5351020626761753, 0.5428710784623263, 0.5351020626761752, 0.5428710784623261, 0.5351020626761753, 0.5428710784623263, 0.5428710784623262, 0.535102062676175, 0.542871078462326, 0.5428710784623259, 0.5428710784623262, 0.5351020626761751, 0.5351020626761752, 0.5351020626761752, 0.542871078462326, 0.5351020626761755, 0.5428710784623261, 0.5351020626761754, 0.5351020626761753, 0.5351020626761751, 0.5428710784623261, 0.5351020626761752, 0.5428710784623262, 0.5351020626761752, 0.5351020626761753, 0.5351020626761752, 0.5428710784623261, 0.5351020626761753, 0.5428710784623259, 0.5351020626761752, 0.5351020626761754, 0.5428710784623261, 0.5428710784623259, 0.5351020626761752, 0.5351020626761751, 0.5428710784623261, 0.5428710784623263, 0.5351020626761753, 0.5351020626761752, 0.5428710784623262, 0.5428710784623259, 0.5428710784623261, 0.5351020626761751, 0.5351020626761753, 0.542871078462326, 0.5428710784623263, 0.5428710784623262, 0.5351020626761753, 0.5428710784623262, 0.5351020626761752, 0.5428710784623261, 0.5351020626761754, 0.5351020626761754, 0.5351020626761752, 0.5428710784623262, 0.5351020626761751, 0.5351020626761753, 0.5351020626761752, 0.5428710784623262, 0.5351020626761752, 0.5428710784623261, 0.5428710784623263, 0.542871078462326, 0.5428710784623261, 0.5428710784623263, 0.542871078462326, 0.5428710784623261, 0.535102062676175, 0.542871078462326, 0.542871078462326, 0.5428710784623261, 0.5351020626761754, 0.5351020626761752, 0.5351020626761753, 0.542871078462326, 0.5351020626761753, 0.5428710784623261, 0.5351020626761752, 0.5351020626761752, 0.5428710784623263, 0.5428710784623261, 0.5351020626761755, 0.5351020626761752, 0.5428710784623261, 0.5428710784623262, 0.5428710784623263, 0.542871078462326, 0.5428710784623261, 0.5351020626761755, 0.5428710784623262, 0.5428710784623262, 0.5428710784623262, 0.5428710784623262, 0.5428710784623261, 0.5428710784623261, 0.5351020626761754, 0.5428710784623263, 0.5428710784623263, 0.542871078462326, 0.542871078462326, 0.5428710784623261, 0.5428710784623261, 0.5351020626761753, 0.5351020626761752, 0.5351020626761752, 0.542871078462326, 0.5351020626761752, 0.542871078462326, 0.5428710784623264, 0.5428710784623263, 0.5351020626761751, 0.5428710784623262, 0.5428710784623263, 0.5428710784623263, 0.5351020626761752, 0.5428710784623262, 0.5428710784623262, 0.5428710784623262, 0.5351020626761752, 0.5428710784623261, 0.5351020626761752, 0.535102062676175, 0.5351020626761753, 0.5351020626761751, 0.5428710784623262, 0.5351020626761752, 0.5428710784623261, 0.5428710784623262, 0.5428710784623263, 0.5428710784623262, 0.542871078462326, 0.5351020626761755, 0.5351020626761752, 0.5428710784623261, 0.5428710784623265, 0.5428710784623263, 0.5428710784623262, 0.5428710784623263, 0.5428710784623262, 0.5428710784623261, 0.5428710784623259, 0.5428710784623262, 0.5351020626761752, 0.542871078462326, 0.5428710784623261, 0.5428710784623261, 0.5428710784623261, 0.5428710784623263, 0.5351020626761752, 0.5428710784623262, 0.5351020626761753, 0.5428710784623265, 0.5428710784623263, 0.5428710784623261, 0.5428710784623261, 0.5351020626761752, 0.5428710784623261, 0.5428710784623261, 0.5428710784623263, 0.5428710784623263, 0.5351020626761753, 0.5428710784623261, 0.5351020626761753, 0.5428710784623262, 0.5428710784623261, 0.5428710784623263, 0.5428710784623262, 0.5351020626761752, 0.5428710784623261, 0.5428710784623263, 0.5351020626761751, 0.542871078462326, 0.5351020626761753, 0.5428710784623262, 0.5428710784623264, 0.542871078462326, 0.542871078462326, 0.5428710784623263, 0.5351020626761751, 0.5428710784623262, 0.542871078462326, 0.5428710784623261, 0.5351020626761752, 0.5428710784623261, 0.542871078462326, 0.5351020626761751, 0.5351020626761753, 0.5351020626761752, 0.5428710784623261, 0.542871078462326, 0.5428710784623259, 0.5428710784623262, 0.5351020626761754, 0.5428710784623262, 0.5428710784623264, 0.542871078462326, 0.5428710784623262, 0.5428710784623263, 0.5351020626761751, 0.5351020626761752, 0.5351020626761753, 0.535102062676175, 0.5351020626761753, 0.5428710784623262, 0.5351020626761751, 0.5428710784623262, 0.5351020626761752, 0.5428710784623262, 0.542871078462326, 0.5428710784623261, 0.5428710784623259, 0.5351020626761751, 0.5428710784623262, 0.5428710784623262, 0.542871078462326, 0.5428710784623261, 0.5428710784623261, 0.5428710784623261, 0.5428710784623261, 0.542871078462326, 0.542871078462326, 0.5351020626761752, 0.5351020626761753, 0.5428710784623261, 0.5351020626761753, 0.5428710784623259, 0.5428710784623264, 0.5351020626761755, 0.542871078462326, 0.5351020626761751, 0.5351020626761753, 0.5351020626761752, 0.5351020626761753, 0.5428710784623264, 0.5428710784623263, 0.5351020626761754, 0.5351020626761753, 0.5428710784623261, 0.5428710784623264, 0.5351020626761751, 0.5428710784623263, 0.542871078462326, 0.5351020626761752, 0.5428710784623262, 0.5428710784623261, 0.5351020626761753, 0.5428710784623262, 0.535102062676175]
# p=11 raw random finals=[0.6023941650005132, 0.6023941650005132, 0.645124308374502, 0.6023941650005132, 0.6023941650005132, 0.6023941650005135, 0.6451243083745019, 0.6023941650005136, 0.6023941650005135, 0.6451243083745017, 0.6023941650005135, 0.5816823136906549, 0.6451243083745017, 0.6023941650005137, 0.5446386152187884, 0.6023941650005131, 0.6023941650005131, 0.6023941650005132, 0.5816823136906553, 0.5434994181490107, 0.6451243083745021, 0.6023941650005135, 0.6023941650005131, 0.602394165000513, 0.6023941650005128, 0.573058971649624, 0.6451243083745021, 0.6023941650005131, 0.6023941650005129, 0.6451243083745021, 0.6451243083745016, 0.6451243083745021, 0.6451243083745019, 0.5423083435207015, 0.6023941650005136, 0.5446386152187886, 0.6023941650005135, 0.6023941650005132, 0.602394165000513, 0.6023941650005131, 0.6023941650005129, 0.6451243083745021, 0.6023941650005135, 0.6052718866682373, 0.6023941650005132, 0.602394165000513, 0.6451243083745019, 0.5446386152187884, 0.5730589716496237, 0.6023941650005132, 0.6451243083745021, 0.6023941650005131, 0.5434994181490109, 0.6451243083745019, 0.6023941650005136, 0.6023941650005131, 0.6023941650005131, 0.6023941650005131, 0.5816823136906552, 0.5730589716496236, 0.6451243083745019, 0.6023941650005132, 0.6023941650005135, 0.6023941650005132, 0.6451243083745019, 0.6023941650005132, 0.5474622825500903, 0.6023941650005129, 0.54746228255009, 0.5816823136906549, 0.581682313690655, 0.6451243083745019, 0.5446386152187889, 0.5816823136906549, 0.6451243083745019, 0.602394165000513, 0.6023941650005136, 0.602394165000513, 0.645124308374502, 0.5446386152187884, 0.6451243083745016, 0.645124308374502, 0.579519464284277, 0.6023941650005137, 0.6451243083745019, 0.5446386152187885, 0.5434994181490109, 0.581682313690655, 0.5816823136906549, 0.602394165000513, 0.645124308374502, 0.6451243083745016, 0.6451243083745015, 0.6023941650005131, 0.6451243083745015, 0.5816823136906554, 0.602394165000513, 0.5816823136906552, 0.5816823136906548, 0.6052718866682374, 0.6023941650005128, 0.5816823136906549, 0.6451243083745017, 0.602394165000513, 0.602394165000513, 0.6023941650005131, 0.6451243083745019, 0.5446386152187884, 0.5730589716496235, 0.6451243083745016, 0.6023941650005135, 0.6023941650005132, 0.6451243083745017, 0.6451243083745017, 0.581682313690655, 0.6023941650005129, 0.6023941650005132, 0.602394165000513, 0.6023941650005135, 0.6451243083745016, 0.602394165000513, 0.5816823136906553, 0.5446386152187885, 0.645124308374502, 0.5816823136906553, 0.6023941650005135, 0.6451243083745017, 0.645124308374502, 0.6023941650005131, 0.6023941650005132, 0.5434994181490106, 0.6451243083745016, 0.5730589716496234, 0.6023941650005129, 0.6451243083745021, 0.6052718866682373, 0.6023941650005129, 0.6451243083745017, 0.5816823136906553, 0.5816823136906552, 0.6451243083745019, 0.6023941650005135, 0.602394165000513, 0.6451243083745017, 0.6023941650005135, 0.6451243083745016, 0.6052718866682376, 0.6023941650005131, 0.6451243083745019, 0.6023941650005129, 0.5816823136906549, 0.6023941650005131, 0.645124308374502, 0.6451243083745015, 0.6023941650005135, 0.5434994181490106, 0.6023941650005135, 0.6023941650005131, 0.6023941650005131, 0.6023941650005131, 0.6023941650005129, 0.6023941650005131, 0.6023941650005132, 0.6023941650005131, 0.540120244224566, 0.6451243083745021, 0.602394165000513, 0.5446386152187886, 0.6451243083745021, 0.6451243083745015, 0.6451243083745019, 0.6023941650005132, 0.6052718866682374, 0.6023941650005132, 0.6451243083745019, 0.645124308374502, 0.6023941650005131, 0.602394165000513, 0.6451243083745022, 0.5816823136906552, 0.6023941650005136, 0.6023941650005135, 0.6023941650005136, 0.645124308374502, 0.5730589716496239, 0.6023941650005131, 0.5816823136906549, 0.5161503671309107, 0.5816823136906552, 0.6451243083745019, 0.602394165000513, 0.6023941650005132, 0.5816823136906552, 0.6023941650005131, 0.5816823136906552, 0.5816823136906554, 0.5446386152187882, 0.6023941650005135, 0.645124308374502, 0.5434994181490108, 0.6451243083745021, 0.6451243083745017, 0.6451243083745015, 0.5795194642842771, 0.645124308374502, 0.5730589716496238, 0.6451243083745021, 0.6023941650005129, 0.5816823136906553, 0.6023941650005129, 0.6451243083745017, 0.581682313690655, 0.6023941650005131, 0.5434994181490109, 0.602394165000513, 0.6023941650005131, 0.6023941650005131, 0.6023941650005136, 0.5816823136906554, 0.6451243083745016, 0.6451243083745019, 0.6023941650005132, 0.5434994181490107, 0.6023941650005136, 0.5816823136906554, 0.602394165000513, 0.6023941650005131, 0.602394165000513, 0.6451243083745022, 0.6023941650005131, 0.6023941650005132, 0.5730589716496239, 0.5730589716496236, 0.6451243083745021, 0.5816823136906548, 0.6451243083745016, 0.6052718866682375, 0.6451243083745019, 0.6023941650005132, 0.6023941650005131, 0.6023941650005132, 0.6451243083745019, 0.540120244224566, 0.581682313690655, 0.6023941650005128, 0.6023941650005135, 0.5816823136906552, 0.6451243083745021, 0.6052718866682376, 0.6451243083745017, 0.6451243083745023, 0.5446386152187886, 0.5816823136906553, 0.5816823136906555, 0.6451243083745021, 0.6023941650005131, 0.6023941650005132, 0.6451243083745019, 0.645124308374502, 0.6023941650005131, 0.6023941650005135, 0.6451243083745019, 0.5401202442245658, 0.6023941650005136, 0.602394165000513, 0.5816823136906549, 0.6023941650005131, 0.6023941650005131, 0.6023941650005131, 0.6023941650005132, 0.6023941650005131, 0.6023941650005136, 0.5816823136906554, 0.6023941650005129, 0.6023941650005136, 0.5816823136906553, 0.602394165000513, 0.645124308374502, 0.5446386152187886, 0.6451243083745021, 0.6451243083745017, 0.6023941650005131, 0.6023941650005129, 0.6023941650005128, 0.6451243083745021, 0.645124308374502, 0.6023941650005132, 0.6451243083745022, 0.6023941650005132, 0.6023941650005136, 0.5446386152187884, 0.5816823136906548, 0.6023941650005132, 0.5816823136906549, 0.5446386152187884, 0.6023941650005132, 0.6052718866682376, 0.5816823136906549, 0.602394165000513, 0.6023941650005131]
# target_d=e_p(s^3) exponents=[0, 1, 8, 1, 12, 8, 8, 5, 5, 1, 12, 5, 12]
# control_random_d exponents=[5, 11, 2, 1, 11, 11, 11, 8, 7, 11, 10, 1, 1]
  13  0.534867710  0.520684259  8.575e-03  0.672861647  0.622510999  6.473e-02
# p=13 raw cubic finals=[0.5163904386450275, 0.5152399091708264, 0.5163904386450269, 0.5348677097547329, 0.5163904386450275, 0.5163904386450275, 0.5163904386450275, 0.5163904386450271, 0.5152396612158456, 0.5348677097547329, 0.5163904386450273, 0.534867709754733, 0.5163904386450269, 0.5163904386450274, 0.5163904386450276, 0.5163904386450279, 0.516390438645027, 0.5163904386450273, 0.5348677097547332, 0.5163904386450275, 0.5163904386450276, 0.5152397907838964, 0.5163904386450276, 0.5152399161316938, 0.534867709754733, 0.5163904386450274, 0.5163904386450278, 0.5163904386450272, 0.5152397235612235, 0.534867709754733, 0.5152399180416315, 0.5348677097547327, 0.5032631344017695, 0.5163904386450273, 0.5163904386450274, 0.534867709754733, 0.515239905752101, 0.5152399180862, 0.5348677097547332, 0.5032631344017698, 0.5163904386450273, 0.5163904386450272, 0.5152399158894685, 0.5163904386450273, 0.5163904386450276, 0.5163904386450273, 0.5163904386450273, 0.5348677097547326, 0.534867709754733, 0.5348677097547329, 0.5348677097547325, 0.5163904386450272, 0.5163904386450272, 0.5163904386450276, 0.5163904386450276, 0.5152398843490915, 0.5152398878513327, 0.5152399127146736, 0.5163904386450272, 0.5152399113294517, 0.515239918076598, 0.5152398995196044, 0.5348677097547331, 0.5348677097547325, 0.5152399098915752, 0.5348677097547331, 0.5152399181870574, 0.5163904386450274, 0.534867709754733, 0.5152399172585013, 0.5152398860682894, 0.5348677097547326, 0.5348677097547327, 0.5348677097547332, 0.5348677097547326, 0.5152398956826347, 0.5348677097547332, 0.5163904386450273, 0.5163904386450276, 0.5163904386450273, 0.5348677097547326, 0.5348677097547327, 0.515239812789553, 0.5163904386450274, 0.5163904386450273, 0.5163904386450274, 0.5152399057471841, 0.5163904386450275, 0.5163904386450272, 0.5163904386450274, 0.5152397515791352, 0.5163904386450276, 0.5163904386450274, 0.5032631344017698, 0.5152399035232769, 0.5152392490411869, 0.5152398585136374, 0.5348677097547327, 0.5348677097547325, 0.5163904386450274, 0.5163904386450273, 0.5163904386450271, 0.534867709754733, 0.5163904386450273, 0.5163904386450275, 0.5163904386450273, 0.5163903921195915, 0.534867709754733, 0.515239870869584, 0.5152398930340417, 0.5348677097547327, 0.5163904386450278, 0.534867709754733, 0.5163904386450274, 0.5348677097547329, 0.5348677097547325, 0.5348677097547329, 0.5348677097547327, 0.5152394317239781, 0.5163904386450272, 0.5348677097547329, 0.5348677097547329, 0.515239883479839, 0.5348677097547326, 0.5163904386450276, 0.534867709754733, 0.5152398430661156, 0.5152398542133364, 0.5163904386450274, 0.5348677097547327, 0.5163904386450271, 0.5348677097547327, 0.515239918188473, 0.5348677097547327, 0.50326313440177, 0.5152398267727683, 0.5152399181653167, 0.5163904386450278, 0.5163904386450274, 0.534867709754733, 0.5152399181756211, 0.5163904386450276, 0.534867709754733, 0.5152399182033863, 0.5348677097547326, 0.5163904386450273, 0.5152398941759083, 0.5163904386450273, 0.5163904386450274, 0.5348677097547329, 0.5163904386450274, 0.5163904386450273, 0.5163904386450276, 0.5348677097547326, 0.5152398504488913, 0.5032631344017695, 0.5163904386450275, 0.5152397331188499, 0.5163904386450271, 0.5163904386450273, 0.5152399145779393, 0.5152397592000671, 0.5163904386450274, 0.5163904386450272, 0.534867709754733, 0.5348677097547329, 0.5348677097547326, 0.5348677097547326, 0.5163904386450276, 0.5163904386450275, 0.5152399152024529, 0.5152399176564273, 0.5163904386450275, 0.534867709754733, 0.515239912678519, 0.5152399179808832, 0.5152393924269087, 0.5152395671855198, 0.5163904386450273, 0.5348677097547324, 0.515239897121282, 0.5163904386450274, 0.5163904386450272, 0.5348677097547327, 0.5163904386450274, 0.5163904386450276, 0.534867709754733, 0.5163904386450276, 0.5348677097547329, 0.5163904386450275, 0.5163904386450273, 0.5152399110194431, 0.5348677097547329, 0.5163904386450273, 0.5163904386450276, 0.516390438645027, 0.5163904386450279, 0.5152399075128954, 0.5163904386450274, 0.5163904386450274, 0.5163904386450274, 0.5163904386450273, 0.5163904386450272, 0.5152399172978412, 0.5163904386450273, 0.5163904386450271, 0.5163904386450272, 0.5152399173685946, 0.5163904386450273, 0.5163904386450272, 0.5163904386450275, 0.5163904386450273, 0.5163904386450273, 0.5152399156406178, 0.5152399171003647, 0.5163904386450272, 0.5163904386450273, 0.5163904386450273, 0.5348677097547329, 0.5163904386450275, 0.5152398722287459, 0.5163904386450275, 0.5163904386450275, 0.5163904386450269, 0.5163904386450275, 0.5152398784072277, 0.5348677097547326, 0.5163904386450274, 0.5152399181584671, 0.5163904386450273, 0.5163904386450276, 0.5163904386450274, 0.5348677097547332, 0.5152399167057529, 0.5163904386450273, 0.5163904386450278, 0.5152399156627091, 0.5348677097547329, 0.5163904386450276, 0.5163904386450273, 0.5152398768735241, 0.5152399178226413, 0.534867709754733, 0.5163904386450276, 0.5348677097547333, 0.5348677097547329, 0.5152399161818992, 0.5348677097547327, 0.5163904386450273, 0.5163904386450272, 0.5163904386450274, 0.5348677097547326, 0.5348677097547329, 0.5348677097547327, 0.5163904386450273, 0.5348677097547327, 0.5152398549470896, 0.5152399056153667, 0.5348677097547332, 0.5152399160811079, 0.5163904386450272, 0.5152399142757235, 0.5348677097547332, 0.5163904386450006, 0.5163904386450274, 0.516390438645027, 0.5152399150696507, 0.5348677097547327, 0.5163904386450273, 0.5152399180603509, 0.5348677097547333, 0.5163904386450273, 0.5163904386450276, 0.5163904386450275, 0.5163904386450278, 0.5348677097547326, 0.5163904386450273, 0.5163904386450273, 0.516390438645027, 0.5163904386450276, 0.5152398918754901, 0.534867709754733, 0.5152398860538541, 0.5348677097547332, 0.5163904386450273, 0.5163904386450274, 0.5163904386450272, 0.5163904386450279, 0.5152396313769733, 0.5163904386450272, 0.5348677097547326, 0.5163904386450276, 0.5163904386450276, 0.5152399103874084, 0.5152399119737836, 0.5152396087269976, 0.5348677097547329, 0.5152398967586485, 0.5348677097547327, 0.5163904386450275]
# p=13 raw random finals=[0.6509495183628203, 0.6509495183628202, 0.5357212680140029, 0.5237000412519164, 0.535721267830045, 0.6728616468387544, 0.6509495183628202, 0.6509495183628202, 0.6728616468387546, 0.6509495183628203, 0.6728616468387545, 0.6728616468387545, 0.672861646838754, 0.6509495183628206, 0.6728616468387544, 0.6509495183628204, 0.6728616468387546, 0.6509495183628203, 0.6728616468387545, 0.6728616468387545, 0.6509495183628206, 0.6728616468387548, 0.5187389138257168, 0.5187389138257166, 0.5187389138257164, 0.6728616468387545, 0.6728616468387547, 0.5348641579944462, 0.6728616468387547, 0.6509495183628203, 0.6509495183628206, 0.6728616468387545, 0.5357212680054265, 0.6509495183628206, 0.6728616468387548, 0.6728616468387543, 0.5237003598853289, 0.6509495183628204, 0.524439357649401, 0.6509495183628204, 0.6509495183628207, 0.5476114228008505, 0.6509495183628206, 0.5187389138257167, 0.6509495183628204, 0.6728616468387546, 0.482229875287881, 0.6728616468387542, 0.5357212679989186, 0.6509495183628206, 0.5151450085903869, 0.6728616468387547, 0.6509495183628202, 0.6509495183628204, 0.6728616468387545, 0.6728616468387543, 0.6728616468387548, 0.6509495183628207, 0.6509495183628204, 0.6509495183628204, 0.5187389138257171, 0.6728616468387547, 0.6728616468387545, 0.6509495183628202, 0.5187389138257161, 0.5056295763008296, 0.6728616468387548, 0.6509495183628207, 0.6728616468387546, 0.6728616468387547, 0.6728616468387546, 0.6728616468387539, 0.6728616468387543, 0.6728616468387547, 0.6728616468387545, 0.6728616468387544, 0.6509495183628206, 0.523700355348349, 0.5264443940162046, 0.6509495183628204, 0.536816113688989, 0.5038188593584908, 0.5187389138257165, 0.5237003599836829, 0.6728616468387549, 0.6728616468387546, 0.535721268008127, 0.6728616468387544, 0.6509495183628202, 0.6509495183628202, 0.6509495183628207, 0.5357212678412614, 0.6509495183628206, 0.6509495183628203, 0.6728616468387543, 0.6509495183628206, 0.5187389138257165, 0.6728616468387545, 0.6509495183628199, 0.6728616468387546, 0.5357212676896328, 0.5187389138257165, 0.5219982978223718, 0.6509495183628202, 0.6728616468387548, 0.5237003600429101, 0.6728616468387545, 0.6509495183628206, 0.5357212679770035, 0.6509495183628204, 0.5237003599038859, 0.5187389138257165, 0.6728616468387546, 0.5237003595296806, 0.5244393576494009, 0.5187389138257165, 0.6509495183628202, 0.6509495183628203, 0.6728616468387549, 0.6509495183628206, 0.5187389138257164, 0.6728616468387545, 0.6728616468387546, 0.5244393576494006, 0.6509495183628203, 0.6728616468387544, 0.5244393576494006, 0.6728616468387545, 0.5038188593584909, 0.6728616468387544, 0.6509495183628206, 0.5187389138257168, 0.517921774080183, 0.6728616468387543, 0.6728616468387542, 0.6509495183628207, 0.6728616468387548, 0.6728616468387547, 0.6728616468387544, 0.5357212680096953, 0.5271576846643846, 0.6509495183628206, 0.5357212680058057, 0.672861646838754, 0.6728616468387544, 0.5187389138257167, 0.6728616468387545, 0.5237003599652549, 0.6509495183628204, 0.6728616468387545, 0.5135075811618338, 0.6509495183628203, 0.6728616468387547, 0.6509495183628201, 0.672861646838754, 0.5219982978223718, 0.6728616468387542, 0.5476114228008505, 0.6728616468387548, 0.6728616468387546, 0.6509495183628204, 0.6509495183628204, 0.6509495183628202, 0.6509495183628206, 0.5056295763008295, 0.5357212680140049, 0.5244393576494005, 0.6728616468387542, 0.6509495183628203, 0.5237003440655104, 0.6509495183628204, 0.6728616468387546, 0.6509495183628206, 0.5219982978223718, 0.6728616468387545, 0.5237003594339064, 0.6728616468387545, 0.6728616468387544, 0.536816113688989, 0.6728616468387548, 0.5237003600459876, 0.6728616468387548, 0.6728616468387544, 0.5179218746150337, 0.6728616468387544, 0.6728616468387542, 0.6728616468387545, 0.6728616468387547, 0.6728616468387539, 0.6728616468387543, 0.6509495183628202, 0.6728616468387548, 0.5357212680043997, 0.6509495183628206, 0.6509495183628204, 0.6509495183628202, 0.672861646838754, 0.6728616468387546, 0.5187389138257162, 0.6728616468387548, 0.5237003596012786, 0.5348641579944455, 0.6728616468387545, 0.6509495183628203, 0.503818859358491, 0.6509495183628204, 0.5151450085903867, 0.6728616468387545, 0.6509495183628206, 0.6509495183628203, 0.6509495183628206, 0.6728616468387548, 0.6728616468387545, 0.5056295763008293, 0.5056295763008293, 0.6728616468387548, 0.672861646838755, 0.6509495183628206, 0.6509495183628207, 0.6728616468387545, 0.6509495183628206, 0.6509495183628203, 0.5056295763008296, 0.6728616468387548, 0.5237003594899886, 0.5237003599586894, 0.6728616468387545, 0.6728616468387545, 0.6509495183628204, 0.6509495183628206, 0.6728616468387542, 0.5244393576494006, 0.6509495183628202, 0.5187389138257167, 0.6728616468387545, 0.6728616468387542, 0.6509495183628202, 0.6509495183628206, 0.6728616468387545, 0.6728616468387548, 0.6728616468387545, 0.6728616468387544, 0.6509495183628206, 0.6728616468387547, 0.6509495183628206, 0.6509495183628202, 0.6509495183628202, 0.6509495183628202, 0.6728616468387544, 0.5056295763008296, 0.6509495183628204, 0.5187389138257165, 0.6728616468387547, 0.6728616468387545, 0.5237003598489142, 0.511679835771937, 0.6509495183628206, 0.6728616468387544, 0.5187389138257165, 0.6509495183628203, 0.6509495183628204, 0.5476114228008505, 0.6509495183628203, 0.6728616468387545, 0.5237003598885548, 0.6728616468387545, 0.5244393576494009, 0.5151450085903866, 0.6509495183628206, 0.6509495183628202, 0.6509495183628206, 0.6728616468387546, 0.6728616468387548, 0.6728616468387545, 0.6728616468387547, 0.6509495183628202, 0.5187389138257168, 0.65094951836282, 0.6509495183628206, 0.6728616468387545, 0.6509495183628206, 0.6728616468387544, 0.6728616468387544, 0.6509495183628204, 0.6728616468387546, 0.6509495183628202, 0.6728616468387548, 0.6728616468387547, 0.6728616468387548, 0.6728616468387547, 0.6728616468387545, 0.6728616468387547, 0.6509495183628204, 0.5357212680028471, 0.6728616468387542, 0.6509495183628203, 0.5187389138257167, 0.5187389138257165, 0.5237003600081079, 0.6728616468387545]
# target_d=e_p(s^3) exponents=[0, 1, 8, 10, 13, 6, 12, 3, 2, 15, 14, 5, 11, 4, 7, 9, 16]
# control_random_d exponents=[16, 7, 13, 2, 6, 14, 1, 12, 13, 7, 15, 15, 8, 3, 1, 11, 10]
  17  0.446900156  0.443358591  3.393e-03  0.554490869  0.497690452  3.113e-02
# p=17 raw cubic finals=[0.4446772889290078, 0.44467728892900754, 0.4469001561347405, 0.43794137842685316, 0.4469001561347403, 0.44275243447413065, 0.44467728892900754, 0.4469001561347405, 0.4394186874800171, 0.44690015613474005, 0.4446772889290074, 0.4437786621843962, 0.44377866218439604, 0.43952363340320777, 0.4446772889290074, 0.4379413784268532, 0.44690015613474043, 0.4446772889290074, 0.44467728892900776, 0.44377866218439593, 0.44377866218439643, 0.44377866218439654, 0.43941868748001744, 0.4446772889290074, 0.4379413784268529, 0.44467728892900726, 0.44690015613474043, 0.43665215031190696, 0.4394186874800176, 0.43794137842685327, 0.44467728892900726, 0.44467728892900704, 0.4437786621843963, 0.44377866218439604, 0.4469001561347406, 0.44690015613474043, 0.4469001561347403, 0.44690015613474043, 0.4437786621843962, 0.43481546843531177, 0.4379413784268532, 0.4437786621843962, 0.4437786621843963, 0.44467728892900765, 0.4379413784268533, 0.4469001561347408, 0.4469001561347408, 0.4427524344741306, 0.4379413784268533, 0.4437786621843963, 0.44690015613474043, 0.4380048545059734, 0.4437786621843961, 0.4469001561347403, 0.4437786621843962, 0.43794137842685366, 0.4469001561347401, 0.43941868748001733, 0.44377866218439643, 0.4437786621843962, 0.439523633403204, 0.4469001561347405, 0.4437786621843966, 0.4469001561347406, 0.4469001561347405, 0.4437786621843961, 0.44275243447413054, 0.4469001561347402, 0.44377866218439643, 0.44467728892900765, 0.44690015613474043, 0.4437786621843962, 0.4437786621843962, 0.4348154684353122, 0.43800485450597343, 0.44690015613474043, 0.4446772889290074, 0.4427524344741304, 0.4379413784268532, 0.44467728892900765, 0.44690015613474043, 0.4380048545059733, 0.4469001561347403, 0.44467728892900754, 0.44467728892900754, 0.43481546843531227, 0.4437786621843961, 0.4380048545059731, 0.4469001561347405, 0.43800485450597326, 0.44377866218439654, 0.44377866218439604, 0.4469001561347406, 0.4469001561347402, 0.4437786621843958, 0.43794137842685343, 0.4437786621843962, 0.43794137842685305, 0.4446772889290074, 0.4437786621843962, 0.4469001561347403, 0.43952363340321, 0.44467728892900743, 0.44467728892900726, 0.4446772889290078, 0.4380048545059734, 0.4469001561347402, 0.4469001561347403, 0.44377866218439593, 0.4469001561347403, 0.4437786621843962, 0.43800485450597354, 0.4469001561347403, 0.44690015613474043, 0.44467728892900715, 0.4437786621843958, 0.44690015613474043, 0.44467728892900743, 0.43952363340320855, 0.4469001561347403]
# p=17 raw random finals=[0.514801387359243, 0.5147947365266371, 0.5544908692913778, 0.5241212131665515, 0.5544908692913781, 0.468867269599922, 0.4783076167279636, 0.5544908692913784, 0.5544908692913779, 0.4824386024466645, 0.4812560294917176, 0.535614316968482, 0.4788518328359916, 0.5544908692913781, 0.4808817855790566, 0.4824386024466644, 0.5148008405350113, 0.4590015084227155, 0.48725794389738153, 0.48332571575051364, 0.5148011724063231, 0.5147948054330486, 0.5544908692913779, 0.4808818246326042, 0.5147958575855903, 0.47697339224958846, 0.5075692820654919, 0.5102005009880042, 0.5075692820654916, 0.47241652248916893, 0.47241652248916577, 0.4812560294917171, 0.44094099921592095, 0.4629375543435233, 0.48061120638096116, 0.5075692820654915, 0.46191350509636286, 0.5544908692913783, 0.5544908692913777, 0.48725794389738125, 0.4788518328359911, 0.4833257157252734, 0.5075692820654923, 0.5356143169684812, 0.4701411577570901, 0.4590015084228199, 0.5544908692913781, 0.4824386024466648, 0.554490869291378, 0.5147946396844449, 0.4694709344941861, 0.46162384542836, 0.4824386024466644, 0.4806112063809613, 0.535614316968482, 0.5356143169684814, 0.5147973545659779, 0.5148011619112823, 0.4698433307248173, 0.5148010019313004, 0.4722980013001683, 0.5356143169684815, 0.48243860238855213, 0.48725794389738125, 0.43950071523604023, 0.4812560294917175, 0.4812560294917171, 0.46751892159021946, 0.47148329345467566, 0.5544908692913781, 0.5147949995225193, 0.5148013472879188, 0.47885183283599103, 0.5544908692913785, 0.5544908692913786, 0.4806112063809608, 0.5544908692913781, 0.462013340661495, 0.554490869291378, 0.47697339224958857, 0.5075692820654915, 0.4769733922495883, 0.4824386024466641, 0.4812560294917175, 0.5102005009880042, 0.47697339224958835, 0.5544908692913781, 0.4855805250363835, 0.4540050246386989, 0.48558052503638327, 0.43957456002603695, 0.5075692820654915, 0.514800697925069, 0.481256029491717, 0.4812560294917177, 0.4808818246326515, 0.4812560294917173, 0.47697339224958873, 0.4788518328359912, 0.4824386024466642, 0.5075692820654917, 0.477716654961033, 0.4694709344941866, 0.4692502696859977, 0.47014115775709, 0.5147969175996571, 0.5075692820654918, 0.4560278380358905, 0.48243860244666315, 0.5544908692913778, 0.47229800130016814, 0.5102005009880042, 0.4701411577570903, 0.48725794389738125, 0.5075692820654917, 0.4701411577570902, 0.4824386024466644, 0.4812560294917173, 0.5544908692913777, 0.48061120638096066]
# total wall time 12.3s
